/*--------------------------------*- C++ -*----------------------------------*\
  =========                 |
  \\      /  F ield         | OpenFOAM: The Open Source CFD Toolbox
   \\    /   O peration     | Website:  https://openfoam.org
    \\  /    A nd           | Version:  7
     \\/     M anipulation  |
\*---------------------------------------------------------------------------*/
FoamFile
{
    version     2.0;
    format      binary;
    class       faceSet;
    location    "2/polyMesh/sets";
    object      wrongFaces;
}
// * * * * * * * * * * * * * * * * * * * * * * * * * * * * * * * * * * * * * //


9072
(
344064 
311299 
98308 
98313 
344075 
311307 
278542 
98319 
344080 
540692 
278548 
540693 
540694 
344088 
540698 
311323 
540699 
540700 
540703 
540704 
311329 
540705 
278561 
39 
16423 
344104 
16424 
16425 
16426 
43 
44 
45 
278573 
344110 
311342 
540718 
46 
540719 
540720 
51 
278579 
540724 
52 
540725 
53 
540726 
54 
311353 
540729 
540730 
344123 
540731 
59 
60 
16444 
61 
278589 
16445 
311358 
62 
16446 
16447 
67 
68 
69 
344134 
311366 
70 
540744 
540745 
540746 
344139 
76 
77 
278605 
540750 
78 
540751 
540752 
16465 
540754 
278610 
16466 
344147 
540755 
16467 
540756 
16468 
88 
93 
94 
98398 
278622 
95 
98403 
16486 
16487 
16488 
98409 
16489 
123 
16507 
16508 
16509 
16510 
128 
129 
130 
131 
135 
136 
137 
139 
16528 
145 
16529 
146 
16530 
147 
16531 
157 
162 
163 
164 
16549 
16550 
16551 
16552 
16556 
16557 
16558 
16559 
98488 
98493 
16575 
16576 
16577 
16578 
98499 
16582 
16583 
16584 
16585 
16597 
16598 
16599 
16600 
16604 
16605 
16606 
16607 
16611 
16612 
16613 
16614 
231 
232 
491752 
233 
491753 
234 
491754 
16621 
238 
491758 
16622 
239 
491759 
16623 
240 
491760 
16624 
241 
491763 
16627 
491764 
16628 
245 
491765 
16629 
246 
16630 
247 
248 
16633 
16634 
16635 
16636 
255 
256 
257 
258 
491778 
491779 
491780 
262 
263 
264 
491784 
265 
491785 
491786 
491789 
491790 
491791 
98578 
279 
98583 
280 
281 
282 
491805 
98589 
491806 
491807 
491811 
491812 
491813 
491815 
491816 
491817 
16711 
16712 
16713 
16714 
16728 
16729 
16730 
16731 
16748 
98668 
16749 
16750 
16751 
98673 
98679 
16761 
16762 
16763 
16764 
475536 
475537 
475538 
475542 
475543 
475544 
475547 
475548 
475549 
541124 
541125 
541126 
98758 
541130 
541131 
475595 
98763 
541132 
475596 
475597 
541135 
541136 
541137 
475601 
98769 
475602 
475603 
475606 
475607 
475608 
474 
541150 
541151 
479 
541152 
480 
481 
482 
541156 
541157 
541158 
475622 
487 
475623 
488 
475624 
541161 
489 
541162 
490 
541163 
475628 
475629 
475630 
495 
496 
475632 
497 
475633 
498 
475634 
503 
541176 
504 
541177 
505 
541178 
506 
541182 
541183 
511 
541184 
512 
513 
541186 
514 
541187 
541188 
519 
520 
521 
522 
527 
528 
529 
530 
535 
536 
537 
475680 
98848 
475681 
475682 
98853 
475686 
475687 
475688 
475691 
98859 
475692 
475693 
475706 
475707 
475708 
475712 
475713 
475714 
475717 
475718 
475719 
475733 
311894 
475734 
475735 
311899 
475739 
475740 
475741 
475743 
475744 
475745 
344675 
344680 
311913 
279150 
279155 
311924 
344694 
311929 
98938 
279165 
98943 
344705 
311937 
98949 
344710 
279181 
344718 
311953 
279187 
311959 
344734 
279200 
492193 
492194 
492195 
344740 
311972 
492199 
492200 
492201 
683 
492204 
279212 
492205 
492206 
311983 
687 
688 
475824 
344753 
689 
475825 
690 
475826 
279218 
311988 
475830 
695 
475831 
696 
475832 
697 
698 
475835 
492219 
344764 
311996 
475836 
492220 
279228 
475837 
492221 
703 
704 
344769 
705 
492225 
706 
492226 
492227 
492230 
711 
492231 
712 
492232 
344777 
713 
714 
475850 
475851 
475852 
279244 
719 
720 
475856 
721 
475857 
279249 
722 
475858 
99028 
475861 
475862 
492246 
727 
475863 
492247 
728 
492248 
729 
99033 
730 
492252 
492253 
279261 
492254 
735 
99039 
736 
492256 
737 
492257 
738 
492258 
475877 
475878 
743 
475879 
744 
745 
475883 
475884 
475885 
475887 
475888 
475889 
99118 
99123 
99129 
475968 
475969 
475970 
475974 
475975 
475976 
475979 
475980 
475981 
475994 
475995 
475996 
476000 
476001 
476002 
476005 
476006 
476007 
541556 
541557 
476021 
541558 
476022 
476023 
541562 
541563 
476027 
541564 
476028 
476029 
541567 
476031 
541568 
476032 
541569 
476033 
213897 
213898 
213899 
541582 
541583 
541584 
213907 
541588 
541589 
541590 
213911 
213912 
541593 
213913 
541594 
541595 
213919 
213920 
213921 
213926 
541608 
541609 
541610 
213932 
541614 
541615 
541616 
213936 
213937 
541618 
213938 
541619 
541620 
213942 
213943 
213944 
213950 
213951 
213952 
213960 
213965 
476112 
476113 
476114 
213971 
476118 
476119 
213975 
476120 
213976 
213977 
476123 
476124 
476125 
213981 
213982 
213983 
213989 
213990 
213991 
476138 
476139 
476140 
1005 
1006 
1007 
213999 
476144 
1008 
476145 
476146 
214004 
476149 
476150 
476151 
1015 
1016 
1017 
1018 
214010 
214014 
214015 
214016 
1025 
1026 
1027 
1028 
214020 
476165 
214021 
476166 
214022 
476167 
476171 
1035 
476172 
1036 
214028 
476173 
1037 
214029 
1038 
214030 
476175 
476176 
476177 
1045 
1046 
214038 
1047 
1048 
214043 
1055 
1056 
1057 
214049 
1058 
263202 
214053 
214054 
214055 
263207 
1065 
1066 
1067 
214059 
214060 
1068 
214061 
263213 
214067 
1075 
214068 
1076 
214069 
1077 
1078 
214077 
263233 
214082 
263239 
214088 
214092 
214093 
214094 
263249 
214098 
214099 
214100 
214106 
492634 
214107 
492635 
214108 
492636 
476256 
263264 
492640 
476257 
492641 
476258 
492642 
214116 
492645 
476262 
263270 
492646 
476263 
492647 
476264 
214121 
476267 
476268 
476269 
214127 
263280 
214131 
214132 
492660 
214133 
492661 
492662 
214137 
214138 
476282 
492666 
214139 
476283 
492667 
476284 
492668 
492671 
476288 
263296 
492672 
214145 
476289 
492673 
214146 
476290 
214147 
476293 
263301 
476294 
476295 
214155 
492687 
214160 
492688 
263313 
492689 
476309 
492693 
214166 
476310 
492694 
476311 
492695 
492697 
214170 
492698 
214171 
476315 
492699 
214172 
476316 
476317 
476319 
214176 
476320 
214177 
476321 
214178 
214184 
214185 
214186 
214193 
214199 
214204 
312524 
312529 
345305 
345310 
312543 
312554 
345324 
279789 
312559 
476400 
476401 
476402 
279794 
476406 
345335 
312567 
476407 
263415 
476408 
476411 
345340 
476412 
263420 
279804 
476413 
345348 
263430 
312583 
476426 
476427 
476428 
279820 
312589 
476432 
476433 
476434 
279826 
345364 
476437 
476438 
263446 
476439 
345370 
312602 
263452 
279839 
541988 
312613 
476453 
541989 
476454 
263462 
541990 
345383 
476455 
541994 
312618 
541995 
476459 
279851 
541996 
476460 
476461 
541999 
476463 
542000 
476464 
542001 
476465 
279857 
345394 
312626 
263477 
345399 
263483 
279867 
542014 
542015 
345407 
542016 
542020 
542021 
542022 
263496 
542025 
542026 
542027 
279883 
279888 
263509 
542040 
542041 
542042 
263514 
279900 
542046 
542047 
542048 
542050 
542051 
542052 
263526 
476544 
476545 
476546 
476550 
476551 
476552 
476555 
476556 
1420 
476557 
1425 
1426 
1427 
1428 
1433 
476570 
1434 
476571 
1435 
476572 
1436 
476576 
476577 
1441 
476578 
1442 
1443 
476581 
476582 
476583 
1453 
1459 
17843 
1460 
476597 
1461 
476598 
1462 
476599 
17849 
17850 
476603 
17851 
476604 
1468 
17852 
476605 
1469 
1470 
476607 
476608 
476609 
17858 
17859 
17860 
17861 
17867 
263628 
17868 
17869 
17870 
1489 
263633 
17876 
17877 
17878 
1495 
17879 
1496 
1497 
1499 
263643 
17885 
17886 
17887 
1503 
17888 
1504 
1505 
17894 
17895 
17896 
17897 
263659 
17903 
17904 
17905 
263665 
17906 
1525 
263670 
17912 
17913 
17914 
1531 
17915 
1532 
1533 
1534 
17921 
17922 
1539 
17923 
1540 
17924 
1541 
263690 
17930 
17931 
17932 
17933 
263696 
493075 
17939 
493076 
17940 
493077 
17941 
17942 
1561 
493081 
493082 
493083 
17948 
263709 
17949 
493086 
17950 
1567 
493087 
17951 
1568 
493088 
1569 
17957 
17958 
17959 
17960 
263722 
493101 
17966 
493102 
17967 
263727 
493103 
17968 
17969 
493107 
493108 
493109 
17975 
263735 
17976 
493112 
17977 
493113 
17978 
493114 
17984 
17985 
17986 
493128 
493129 
493130 
493134 
493135 
493136 
493138 
493139 
493140 
1624 
1625 
1626 
1627 
1634 
1635 
1636 
1637 
1640 
1641 
1642 
1643 
1652 
1653 
1654 
1655 
345725 
1665 
345730 
1666 
1667 
1668 
345744 
1682 
1683 
1684 
1685 
345756 
263841 
345762 
263846 
345775 
263856 
345787 
263872 
345793 
263878 
345806 
263891 
542420 
542421 
542422 
542426 
542427 
345819 
542428 
542431 
263903 
542432 
345824 
542433 
263909 
345836 
542446 
542447 
263919 
542448 
542452 
542453 
542454 
542457 
542458 
542459 
263935 
263940 
542472 
542473 
542474 
542478 
542479 
542480 
263952 
542482 
542483 
542484 
214835 
214836 
214837 
214845 
214846 
214847 
313154 
214851 
214852 
214853 
313159 
214862 
345935 
214863 
214864 
214867 
345940 
214868 
313173 
214869 
214873 
214874 
214875 
313184 
345954 
313189 
214889 
214890 
214891 
280428 
345965 
313197 
214894 
214895 
214896 
280433 
345970 
214900 
214901 
264054 
214902 
345978 
264059 
280443 
313213 
313219 
214916 
214917 
214918 
264073 
214921 
345994 
214922 
214923 
280459 
214927 
346000 
313232 
214928 
214929 
280465 
264085 
313243 
264091 
346013 
280478 
214943 
214944 
313248 
214945 
214948 
214949 
214950 
346024 
313256 
264104 
214954 
280490 
214955 
214956 
346029 
280496 
264116 
346037 
214970 
264122 
280506 
214971 
214972 
214975 
214976 
214977 
214981 
214982 
214983 
264135 
280522 
493516 
493517 
493518 
280527 
493522 
493523 
264148 
493524 
214997 
214998 
214999 
493527 
493528 
264153 
493529 
215002 
215003 
280539 
215004 
215008 
215009 
215010 
264165 
493542 
493543 
493544 
493548 
493549 
493550 
215024 
215025 
493553 
215026 
493554 
493555 
215029 
215030 
215031 
215035 
215036 
215037 
493569 
493570 
493571 
493575 
493576 
493577 
493579 
493580 
493581 
18468 
18473 
18474 
18475 
18476 
18482 
18483 
18484 
18485 
18491 
18492 
18493 
18494 
18500 
18501 
18502 
18503 
18509 
18510 
18511 
18512 
18518 
18519 
18520 
18521 
18527 
18528 
18529 
18530 
18536 
18537 
18538 
18540 
18545 
18546 
18547 
18548 
18554 
18555 
18556 
18557 
18563 
542852 
18564 
542853 
18565 
542854 
18566 
542858 
542859 
542860 
18572 
18573 
18574 
542863 
18575 
542864 
542865 
18581 
18582 
18583 
18584 
542878 
18590 
542879 
18591 
542880 
18592 
18593 
542884 
542885 
542886 
18599 
18600 
542889 
18601 
542890 
18602 
542891 
18608 
18609 
18610 
542904 
542905 
542906 
542910 
542911 
542912 
542914 
542915 
542916 
346355 
346360 
346374 
346386 
346392 
264480 
346405 
264485 
264495 
346417 
346423 
264511 
346436 
264517 
346449 
264530 
346454 
264542 
346466 
264548 
264553 
264574 
264579 
493957 
493958 
493959 
264587 
493963 
493964 
493965 
493968 
493969 
493970 
493983 
493984 
493985 
493989 
493990 
493991 
493994 
493995 
493996 
313784 
494010 
494011 
494012 
313789 
494016 
494017 
494018 
494020 
346565 
494021 
494022 
346570 
313803 
313814 
346584 
313819 
346595 
313827 
346600 
281067 
346608 
281072 
313843 
2547 
2552 
313849 
2553 
2554 
281082 
346624 
346630 
313862 
281098 
2573 
281104 
313873 
2578 
346643 
2579 
2580 
313878 
281117 
346654 
313886 
346659 
2599 
281129 
346667 
2604 
2605 
2606 
281135 
543284 
543285 
543286 
281145 
543290 
543291 
543292 
543295 
543296 
543297 
2625 
2630 
2631 
2632 
281161 
543310 
281166 
543311 
543312 
543316 
543317 
543318 
346712 
543321 
543322 
281178 
543323 
2651 
346717 
2656 
2657 
2658 
543336 
543337 
543338 
346731 
543342 
543343 
543344 
543346 
543347 
543348 
2677 
346743 
2682 
2683 
2684 
346749 
346762 
2703 
2708 
2709 
2710 
2729 
2734 
2735 
2736 
2755 
2760 
2761 
2762 
346830 
346840 
2781 
2786 
2787 
2788 
346853 
346861 
346871 
2807 
2812 
2813 
2814 
346883 
2833 
2838 
2839 
2840 
2859 
2864 
2865 
2866 
576309 
576310 
576311 
576315 
576316 
576317 
494398 
494399 
576320 
494400 
576321 
576322 
494404 
2885 
494405 
494406 
494409 
2890 
494410 
2891 
494411 
2892 
494424 
494425 
494426 
494430 
2911 
494431 
494432 
265059 
494435 
2916 
494436 
2917 
494437 
2918 
265064 
346985 
346990 
576368 
576369 
265074 
576370 
494451 
494452 
494453 
576374 
576375 
576376 
2937 
494457 
494458 
576379 
494459 
347004 
576380 
576381 
494461 
2942 
494462 
2943 
494463 
2944 
265090 
347016 
265096 
576395 
576396 
576397 
347022 
576401 
576402 
576403 
2964 
265109 
576405 
576406 
576407 
2968 
2969 
2970 
347035 
347047 
2986 
347053 
2991 
2992 
2993 
347066 
3009 
576453 
3014 
576454 
347079 
3015 
576455 
3016 
576459 
347084 
576460 
576461 
576464 
576465 
576466 
347096 
3032 
265177 
3037 
3038 
3039 
576479 
576480 
576481 
265187 
543716 
543717 
576485 
543718 
576486 
576487 
543722 
576490 
543723 
576491 
543724 
576492 
265197 
543727 
3055 
543728 
543729 
3060 
3061 
3062 
265208 
576506 
576507 
576508 
543742 
543743 
543744 
576512 
576513 
265218 
576514 
543748 
576516 
543749 
576517 
543750 
3078 
576518 
543753 
543754 
543755 
3083 
3084 
3085 
265230 
19478 
19479 
543768 
19480 
543769 
19481 
543770 
3101 
543774 
543775 
543776 
19489 
543778 
3106 
19490 
543779 
3107 
19491 
543780 
3108 
19492 
19500 
19501 
314414 
19502 
19503 
314419 
3124 
19511 
19512 
3129 
19513 
3130 
19514 
347195 
3131 
216127 
347200 
216128 
314433 
216129 
19522 
19523 
19524 
19525 
216137 
3147 
314444 
19533 
216141 
347214 
19534 
216142 
19535 
216143 
19536 
3152 
314449 
3153 
3154 
216149 
576597 
216150 
576598 
216151 
576599 
19544 
347225 
19545 
314457 
19546 
19547 
576603 
216156 
576604 
576605 
347230 
576608 
576609 
216162 
3170 
576610 
19555 
19556 
19557 
347238 
19558 
216166 
216167 
3175 
216168 
3176 
314473 
3177 
281706 
216172 
216173 
19565 
216174 
19566 
314479 
281711 
576623 
19567 
576624 
19568 
576625 
19571 
216180 
265332 
19572 
216181 
576629 
19573 
347254 
216182 
576630 
19574 
576631 
265337 
3193 
281721 
19577 
576634 
19578 
576635 
19579 
347260 
216188 
314492 
576636 
19580 
216189 
216190 
3198 
216191 
3199 
19583 
3200 
19584 
19585 
19586 
265347 
19589 
19590 
216198 
19591 
216199 
314503 
19592 
216200 
347273 
216201 
281737 
576650 
19595 
576651 
19596 
314508 
576652 
19597 
19598 
281743 
216208 
3216 
576656 
19601 
216209 
576657 
19602 
216210 
576658 
19603 
216211 
265363 
347284 
19604 
314516 
576660 
3221 
576661 
3222 
576662 
19607 
3223 
19608 
347289 
19609 
265369 
19610 
216218 
216219 
216220 
281756 
216221 
347297 
216225 
216226 
216227 
265379 
216231 
3239 
216232 
281768 
216233 
3244 
3245 
216238 
3246 
281774 
216239 
216240 
265394 
281779 
216246 
216247 
216248 
265400 
216249 
216251 
216252 
216253 
216254 
3262 
216258 
216259 
3267 
216260 
3268 
216261 
265413 
3269 
281800 
216267 
216268 
216269 
281805 
347342 
216270 
265426 
347347 
3285 
281813 
265431 
3290 
3291 
3292 
347361 
265443 
576741 
576742 
576743 
576747 
3308 
576748 
347373 
576749 
576752 
3313 
576753 
3314 
576754 
347379 
3315 
494839 
494840 
494841 
216314 
216315 
216316 
494845 
494846 
576767 
494847 
347392 
216320 
576768 
216321 
576769 
216322 
494850 
494851 
494852 
576773 
576774 
576775 
216328 
216329 
216330 
576778 
576779 
576780 
494865 
216338 
494866 
494867 
216343 
494871 
494872 
494873 
576794 
576795 
576796 
494876 
216349 
494877 
494878 
576800 
216353 
576801 
216354 
576802 
216355 
576804 
576805 
576806 
216359 
216360 
216361 
494892 
494893 
216366 
494894 
216367 
216368 
494898 
494899 
494900 
494902 
216375 
494903 
494904 
216380 
216385 
347460 
265545 
347470 
265550 
265560 
347483 
347491 
265576 
347501 
265582 
576885 
576886 
576887 
265592 
347513 
576891 
576892 
576893 
576896 
576897 
576898 
265607 
265613 
576911 
576912 
576913 
216467 
544148 
216468 
544149 
576917 
216469 
544150 
576918 
576919 
216473 
544154 
576922 
216474 
265626 
544155 
576923 
216475 
544156 
576924 
544159 
544160 
216480 
544161 
216481 
216482 
265639 
216489 
576938 
576939 
576940 
265644 
216493 
544174 
544175 
544176 
576944 
576945 
576946 
216498 
544180 
576948 
544181 
576949 
544182 
576950 
265656 
544185 
216505 
544186 
216506 
544187 
216507 
216515 
216516 
216517 
544200 
544201 
216521 
544202 
216522 
216523 
544206 
544207 
544208 
544210 
544211 
544212 
347615 
347620 
347634 
216566 
216567 
216568 
216571 
216572 
216573 
347646 
216577 
216578 
216579 
347652 
577029 
577030 
577031 
577035 
577036 
577037 
577040 
347665 
577041 
577042 
216595 
216596 
216597 
3606 
3607 
3608 
216601 
3609 
216602 
216603 
347677 
216606 
265758 
577055 
216607 
577056 
216608 
577057 
347683 
265763 
577061 
577062 
577063 
577066 
577067 
3627 
577068 
3628 
3629 
265773 
3630 
347696 
577082 
577083 
577084 
347709 
265789 
577088 
3648 
577089 
3649 
347714 
577090 
3650 
3651 
265795 
577092 
577093 
577094 
265805 
347726 
3669 
3670 
3671 
3672 
265820 
265826 
3690 
3691 
3692 
3693 
265839 
216690 
216691 
216692 
216695 
216696 
216697 
216700 
265852 
216701 
216702 
3711 
3712 
3713 
265857 
3714 
265869 
3732 
577173 
3733 
577174 
3734 
577175 
3735 
577179 
577180 
577181 
577184 
577185 
577186 
315044 
315049 
3753 
3754 
3755 
3756 
577199 
577200 
495280 
347825 
577201 
495281 
495282 
577205 
347830 
577206 
495286 
315063 
577207 
495287 
495288 
577210 
577211 
495291 
577212 
495292 
495293 
3774 
3775 
3776 
3777 
315074 
347844 
315079 
577226 
495306 
577227 
495307 
577228 
495308 
347855 
315087 
577232 
495312 
577233 
495313 
577234 
495314 
3795 
347860 
577236 
3796 
577237 
3797 
495317 
577238 
3798 
495318 
495319 
347868 
315103 
315109 
495333 
495334 
495335 
3816 
3817 
3818 
3819 
495339 
347884 
495340 
495341 
495343 
495344 
495345 
347890 
315122 
265971 
265976 
315133 
3837 
3838 
347903 
3839 
3840 
315138 
265986 
347914 
315146 
347919 
266002 
3858 
3859 
3860 
3861 
347927 
266008 
266018 
577317 
577318 
577319 
3879 
3880 
3881 
3882 
577323 
577324 
577325 
577328 
577329 
266033 
577330 
266039 
3900 
3901 
3902 
577343 
3903 
577344 
577345 
544580 
347972 
266052 
544581 
577349 
544582 
577350 
577351 
347977 
544586 
577354 
544587 
577355 
544588 
577356 
544591 
544592 
544593 
266065 
3921 
3922 
3923 
3924 
266070 
347991 
577370 
577371 
577372 
544606 
544607 
544608 
577376 
577377 
577378 
266082 
348003 
544612 
577380 
544613 
577381 
544614 
577382 
544617 
348009 
544618 
544619 
348022 
544632 
544633 
544634 
544638 
544639 
544640 
544642 
544643 
544644 
577461 
577462 
577463 
348090 
577467 
577468 
577469 
577472 
577473 
577474 
348100 
266184 
266189 
348113 
266199 
348121 
348131 
266215 
266221 
577517 
577518 
577519 
348143 
577523 
577524 
577525 
266231 
577528 
577529 
577530 
266246 
577543 
577544 
577545 
266252 
577549 
577550 
577551 
577553 
577554 
20499 
577555 
20505 
266265 
20506 
20507 
397345 
397346 
397347 
266278 
397352 
397353 
397354 
266283 
20526 
397358 
397359 
397360 
20532 
20533 
20534 
266295 
577596 
577597 
577598 
577602 
577603 
577604 
397381 
397382 
397383 
577607 
577608 
20553 
577609 
397388 
397389 
397390 
20559 
20560 
20561 
397394 
397395 
397396 
348245 
577622 
577623 
577624 
348250 
577628 
577629 
577630 
577633 
577634 
577635 
20580 
348264 
397417 
495721 
20586 
397418 
495722 
20587 
397419 
495723 
20588 
495727 
397424 
495728 
397425 
577649 
495729 
397426 
577650 
577651 
495732 
348276 
495733 
20598 
397430 
577654 
495734 
397431 
577655 
397432 
577656 
577658 
348282 
577659 
20604 
577660 
20605 
20606 
20607 
495747 
495748 
20613 
495749 
20614 
20615 
348295 
495753 
495754 
495755 
397453 
397454 
495758 
397455 
495759 
495760 
20625 
348307 
397460 
397461 
397462 
20631 
20632 
20633 
348313 
20634 
397466 
397467 
397468 
266397 
495774 
495775 
20640 
495776 
20641 
20642 
266402 
20643 
495780 
495781 
495782 
348326 
495784 
20649 
495785 
20650 
495786 
20651 
20652 
266412 
397489 
20658 
397490 
20659 
397491 
348339 
20660 
20661 
397496 
348344 
397497 
397498 
20667 
20668 
266428 
20669 
20670 
397502 
397503 
397504 
266434 
577731 
20676 
577732 
348356 
20677 
577733 
20678 
20679 
577737 
577738 
577739 
266444 
20685 
20686 
577742 
20687 
577743 
20688 
577744 
397525 
20694 
397526 
20695 
397527 
20696 
20697 
266459 
397532 
577757 
397533 
577758 
397534 
20703 
577759 
20704 
20705 
266465 
20706 
397538 
577763 
397539 
577764 
397540 
577765 
20712 
577768 
20713 
577769 
20714 
577770 
20715 
266478 
20721 
20722 
20723 
20724 
545012 
545013 
545014 
577784 
577785 
397561 
20730 
577786 
397562 
545018 
20731 
266491 
397563 
545019 
20732 
545020 
20733 
577789 
577790 
577791 
545023 
266496 
397568 
545024 
577793 
397569 
545025 
577794 
397570 
20739 
577795 
20740 
20741 
20742 
397574 
397575 
397576 
20748 
266508 
20749 
20750 
545038 
545039 
545040 
545044 
545045 
545046 
545049 
315674 
545050 
545051 
397597 
397598 
315679 
397599 
20770 
397604 
397605 
397606 
20775 
348455 
20776 
545064 
20777 
545065 
397610 
545066 
397611 
397612 
348460 
315693 
545070 
545071 
545072 
545074 
545075 
545076 
315704 
348474 
20796 
315709 
397633 
20802 
397634 
20803 
397635 
20804 
315717 
348485 
397640 
397641 
397642 
577866 
348490 
577867 
577868 
397646 
397647 
397648 
577872 
577873 
577874 
348498 
315733 
577877 
577878 
577879 
315739 
20829 
348514 
20835 
20836 
577892 
20837 
397669 
577893 
397670 
577894 
397671 
315752 
348520 
577898 
577899 
397676 
577900 
397677 
397678 
577903 
577904 
577905 
266610 
397682 
315763 
397683 
397684 
348533 
266615 
315768 
20859 
577919 
315776 
577920 
348544 
20865 
266625 
577921 
20866 
20867 
577924 
577925 
348549 
577926 
577928 
397705 
577929 
397706 
577930 
397707 
348557 
20880 
397712 
266641 
397713 
397714 
20886 
397718 
20887 
266647 
397719 
20888 
397720 
20889 
266652 
20895 
20896 
20897 
20907 
397741 
397742 
397743 
266672 
20913 
20914 
20915 
20916 
397748 
397749 
266678 
397750 
20922 
397754 
348602 
20923 
397755 
20924 
397756 
20926 
348607 
20931 
266691 
20932 
20933 
20934 
20940 
20941 
348621 
20942 
20943 
266704 
578001 
397777 
578002 
397778 
578003 
397779 
20949 
266709 
20950 
20951 
578007 
578008 
397784 
348632 
20953 
578009 
397785 
397786 
578012 
578013 
266717 
348637 
20958 
578014 
397790 
20959 
397791 
20960 
397792 
20961 
348645 
20967 
20968 
20969 
20970 
578027 
578028 
578029 
20976 
20977 
578033 
20978 
578034 
578035 
20980 
397813 
578038 
397814 
578039 
397815 
578040 
20985 
20986 
20987 
20988 
397820 
397821 
397822 
20994 
397826 
20995 
397827 
20996 
397828 
578054 
578055 
578056 
578059 
21004 
578060 
578061 
578063 
578064 
21009 
578065 
21010 
21011 
21012 
397849 
21018 
397850 
21019 
397851 
21020 
397856 
397857 
397858 
397862 
397863 
397864 
348714 
348724 
397885 
397886 
397887 
348737 
397892 
397893 
397894 
348744 
397898 
397899 
397900 
348753 
578136 
578137 
348761 
578138 
578142 
578143 
578144 
578147 
578148 
578149 
578162 
578163 
578164 
578168 
578169 
578170 
578173 
578174 
578175 
578189 
578190 
578191 
578194 
578195 
578196 
578198 
578199 
578200 
348863 
348868 
348882 
348894 
578271 
578272 
578273 
348900 
21221 
578277 
21222 
578278 
21223 
578279 
21224 
578282 
578283 
578284 
348913 
578297 
578298 
21243 
578299 
21244 
348924 
21245 
21246 
578303 
578304 
578305 
348929 
578308 
578309 
578310 
348937 
21265 
21266 
21267 
21268 
578324 
578325 
578326 
578329 
348953 
578330 
578331 
578333 
348957 
578334 
578335 
348965 
21287 
21288 
21289 
21290 
21309 
21310 
21311 
21312 
21331 
21332 
21333 
21334 
21348 
21349 
21350 
578406 
21351 
578407 
578408 
578412 
578413 
578414 
578417 
21362 
578418 
21363 
578419 
21364 
21365 
21375 
21376 
578432 
21377 
578433 
21378 
578434 
578438 
578439 
578440 
349064 
21385 
21386 
21387 
578443 
21388 
578444 
578445 
349069 
316304 
21392 
21393 
21394 
21395 
316309 
21403 
578459 
349083 
21404 
578460 
21405 
578461 
21406 
578464 
21409 
578465 
21410 
578466 
316323 
21411 
21412 
578468 
578469 
578470 
349094 
21415 
21416 
21417 
21418 
349099 
21421 
316334 
21422 
21423 
21424 
21426 
316339 
21427 
349107 
21428 
21429 
316347 
349122 
349127 
316363 
349135 
316369 
349149 
316382 
349153 
349157 
316393 
316398 
316406 
21504 
21505 
21506 
21507 
21520 
21521 
21522 
21523 
21529 
21530 
21531 
21532 
21541 
21542 
21543 
21544 
251032 
251033 
251034 
251042 
251046 
251047 
251048 
251054 
251055 
251056 
251061 
251067 
251071 
251072 
251073 
251077 
251078 
251079 
251085 
251086 
251087 
251095 
251100 
251106 
251110 
251111 
251112 
251116 
251117 
251118 
251124 
251125 
251126 
251134 
251139 
251145 
251149 
251150 
251151 
251155 
251156 
251157 
251163 
251164 
251165 
251173 
251178 
251184 
251188 
251189 
251190 
251194 
251195 
251196 
251202 
251203 
251204 
251212 
251217 
251223 
251227 
251228 
251229 
251233 
251234 
251235 
251241 
251242 
251243 
251251 
251256 
251262 
251266 
251267 
251268 
251272 
251273 
251274 
251280 
251281 
251282 
251290 
251295 
251301 
251305 
251306 
251307 
251311 
251312 
251313 
251319 
251320 
251321 
218557 
218558 
218559 
251328 
251334 
218567 
251339 
218571 
218572 
218573 
251344 
251345 
251346 
218579 
218580 
218581 
251353 
218586 
251357 
251358 
251359 
218592 
251364 
251365 
480742 
251366 
480743 
480744 
251371 
480748 
480749 
480750 
251376 
480753 
480754 
480755 
251380 
251381 
251382 
251386 
251387 
251388 
251393 
251394 
251395 
316934 
251403 
316939 
251407 
251412 
251416 
251417 
316953 
251418 
251422 
251423 
251424 
480801 
480802 
480803 
316964 
251429 
251430 
480807 
251431 
480808 
480809 
316969 
480812 
480813 
480814 
251439 
316977 
218674 
218675 
251443 
218676 
218680 
251448 
218681 
218682 
480828 
251452 
480829 
251453 
480830 
251454 
218688 
218689 
316993 
480834 
218690 
251458 
480835 
251459 
480836 
251460 
480838 
480839 
316999 
480840 
251465 
218698 
251466 
251467 
218703 
251475 
317012 
218709 
251479 
251484 
317023 
251488 
251489 
251490 
317028 
251494 
251495 
251496 
317036 
251501 
251502 
251503 
480880 
480881 
480882 
480886 
251511 
480887 
480888 
480891 
251515 
480892 
480893 
251520 
251524 
251525 
251526 
480902 
480903 
480904 
251530 
251531 
251532 
480908 
480909 
480910 
251537 
480913 
251538 
480914 
251539 
480915 
251547 
480925 
480926 
251551 
480927 
480931 
251556 
480932 
480933 
480935 
218791 
251560 
480936 
218792 
251561 
480937 
218793 
251562 
218797 
251566 
218798 
251567 
218799 
251568 
480948 
251573 
480949 
218805 
251574 
480950 
218806 
251575 
218807 
480954 
480955 
480956 
251583 
480959 
218815 
480960 
480961 
251587 
218820 
251592 
480970 
218826 
480971 
251596 
480972 
251597 
251598 
480976 
480977 
251602 
480978 
251603 
251604 
480981 
480982 
480983 
251609 
251610 
251611 
480992 
480993 
251618 
480994 
480998 
251623 
480999 
481000 
481002 
251627 
481003 
481004 
218908 
218909 
218910 
218914 
218915 
218916 
218922 
218923 
218924 
218932 
218937 
218943 
481157 
481158 
481159 
481163 
481164 
481165 
481168 
219025 
481169 
219026 
481170 
219027 
219031 
219032 
219033 
219039 
481183 
219040 
481184 
481185 
219041 
481189 
481190 
481191 
219049 
481194 
481195 
481196 
219054 
219060 
481210 
481211 
481212 
481216 
481217 
481218 
481220 
481221 
481222 
219142 
219143 
219144 
219148 
219149 
219150 
219156 
481301 
219157 
481302 
219158 
481303 
481307 
481308 
481309 
219166 
481312 
481313 
481314 
219171 
219177 
481327 
481328 
481329 
481333 
481334 
481335 
481338 
481339 
481340 
481353 
481354 
481355 
481359 
481360 
481361 
481363 
481364 
481365 
219259 
219260 
317564 
219261 
219265 
317569 
219266 
219267 
219273 
219274 
219275 
317583 
219283 
219288 
317594 
219294 
317599 
317607 
317623 
317629 
317642 
317653 
317658 
317666 
219376 
219377 
219378 
219382 
219383 
219384 
219390 
219391 
219392 
219400 
219405 
219411 
219493 
219494 
219495 
219499 
219500 
219501 
219507 
219508 
219509 
219517 
219522 
219528 
481733 
481734 
481735 
481739 
481740 
481741 
481744 
481745 
481746 
219610 
219611 
219612 
481759 
481760 
219616 
481761 
219617 
219618 
481765 
481766 
481767 
219624 
219625 
481770 
219626 
481771 
481772 
219634 
219639 
481785 
481786 
481787 
219645 
481791 
481792 
481793 
481795 
481796 
481797 
219727 
219728 
219729 
219733 
219734 
219735 
219741 
219742 
219743 
219751 
219756 
219762 
219844 
219845 
219846 
219850 
219851 
219852 
219858 
219859 
219860 
219868 
219873 
219879 
318194 
318199 
318213 
318224 
318229 
318237 
318253 
318259 
219961 
219962 
219963 
219967 
219968 
318272 
219969 
219975 
219976 
219977 
318283 
318288 
219985 
219990 
318296 
219996 
220078 
220079 
220080 
220084 
220085 
220086 
220092 
220093 
220094 
220102 
220107 
220113 
367644 
367645 
367646 
367650 
367651 
220195 
367652 
220196 
220197 
367656 
367657 
220201 
367658 
220202 
220203 
220209 
220210 
220211 
367670 
367671 
367672 
220219 
367677 
367678 
367679 
220224 
367683 
367684 
367685 
220230 
367699 
367700 
367701 
367706 
367707 
367708 
367712 
367713 
367714 
367733 
367734 
367735 
367739 
367740 
367741 
367745 
367746 
367747 
367766 
367767 
367768 
220312 
220313 
220314 
367773 
367774 
220318 
367775 
220319 
220320 
367779 
367780 
367781 
220326 
220327 
220328 
220336 
220340 
220346 
367838 
367839 
367840 
367844 
367845 
367846 
367850 
367851 
367852 
220431 
220432 
220433 
220441 
220442 
220443 
220447 
220448 
220449 
318824 
318829 
220529 
220530 
220531 
220534 
220535 
220536 
318843 
220540 
220541 
220542 
318854 
318859 
318867 
318883 
318889 
318902 
318913 
318918 
318926 
220627 
220628 
220629 
220632 
220633 
220634 
220638 
220639 
220640 
220725 
220726 
220727 
220730 
220731 
220732 
220736 
220737 
220738 
220823 
220824 
220825 
220828 
220829 
220830 
220834 
220835 
220836 
220921 
220922 
220923 
220926 
220927 
220928 
220932 
220933 
220934 
270171 
221019 
221020 
221021 
270176 
221024 
221025 
221026 
221030 
221031 
221032 
270186 
270202 
270208 
253826 
253827 
253828 
253836 
270221 
253837 
253838 
253842 
253843 
253844 
253853 
253854 
253855 
253858 
253859 
253860 
253864 
253865 
253866 
253880 
253881 
253882 
221117 
253885 
221118 
253886 
221119 
253887 
221122 
221123 
253891 
221124 
253892 
253893 
221128 
221129 
221130 
270289 
253907 
253908 
253909 
253912 
253913 
253914 
270299 
319454 
253918 
253919 
253920 
319459 
270309 
253934 
253935 
253936 
270320 
319473 
253939 
253940 
253941 
253945 
253946 
270330 
253947 
319484 
319489 
270342 
253961 
319497 
253962 
401418 
253963 
401419 
401420 
253966 
253967 
253968 
401425 
401426 
401427 
253972 
253973 
253974 
401431 
401432 
319513 
401433 
319519 
221215 
221216 
221217 
253988 
221220 
253989 
221221 
253990 
221222 
319527 
253993 
253994 
221226 
253995 
221227 
221228 
253999 
254000 
254001 
319543 
319548 
254015 
254016 
319552 
254017 
254020 
254021 
254022 
254026 
254027 
254028 
254042 
254043 
254044 
254051 
254052 
254053 
254056 
254057 
254058 
368746 
368747 
270444 
368748 
368752 
270449 
368753 
319601 
254066 
368754 
254067 
254068 
401526 
368758 
319606 
401527 
254071 
368759 
401528 
254072 
368760 
254073 
270459 
254076 
401533 
254077 
401534 
254078 
401535 
319616 
221313 
221314 
401539 
221315 
401540 
401541 
221318 
221319 
221320 
254090 
368778 
254091 
270475 
368779 
254092 
368780 
221324 
221325 
221326 
254095 
254096 
319632 
254097 
270481 
368785 
368786 
368787 
254100 
254101 
254102 
319638 
368791 
368792 
368793 
270491 
254114 
254115 
319651 
254116 
254119 
254120 
254121 
270506 
368811 
254124 
368812 
254125 
368813 
254126 
270512 
368818 
368819 
368820 
368824 
368825 
254138 
368826 
254139 
254140 
270525 
254143 
254144 
254145 
254148 
254149 
254150 
270538 
368844 
368845 
368846 
270543 
254162 
254163 
368851 
254164 
368852 
368853 
254167 
254168 
254169 
368857 
368858 
270555 
368859 
254172 
254173 
254174 
401634 
401635 
221411 
401636 
221412 
221413 
319719 
221416 
401641 
221417 
254186 
401642 
221418 
254187 
401643 
254188 
368877 
368878 
221422 
254191 
401647 
368879 
221423 
254192 
401648 
221424 
254193 
401649 
319729 
254196 
368884 
254197 
368885 
254198 
368886 
368890 
368891 
319739 
368892 
254210 
254211 
254212 
319750 
254215 
254216 
254217 
254220 
254221 
254222 
368910 
368911 
368912 
319760 
368917 
368918 
368919 
368923 
368924 
319772 
368925 
368943 
368944 
368945 
368950 
368951 
368952 
368956 
368957 
270654 
368958 
270659 
221509 
221510 
221511 
221514 
221515 
221516 
270669 
401742 
401743 
401744 
368976 
221520 
368977 
221521 
368978 
221522 
401749 
401750 
401751 
368983 
368984 
368985 
401755 
401756 
270684 
401757 
368989 
368990 
368991 
270689 
270694 
270713 
270719 
270732 
401814 
401815 
270743 
401816 
270748 
401821 
401822 
401823 
401827 
401828 
270756 
401829 
221607 
221608 
221609 
221612 
221613 
221614 
221618 
221619 
221620 
401850 
401851 
401852 
401857 
401858 
401859 
401863 
401864 
401865 
401922 
401923 
401924 
401929 
221705 
401930 
221706 
401931 
221707 
221710 
401935 
221711 
401936 
221712 
401937 
221716 
221717 
221718 
401958 
401959 
401960 
401965 
401966 
401967 
401971 
401972 
401973 
401994 
401995 
401996 
402001 
402002 
402003 
402007 
402008 
402009 
221803 
221804 
221805 
402030 
402031 
402032 
221808 
221809 
221810 
402037 
402038 
221814 
402039 
221815 
221816 
402043 
402044 
402045 
402066 
402067 
402068 
402073 
402074 
402075 
402079 
402080 
402081 
402102 
402103 
402104 
402109 
402110 
402111 
402115 
402116 
402117 
221901 
221902 
221903 
221906 
221907 
221908 
221912 
221913 
402138 
221914 
402139 
402140 
402145 
402146 
271074 
402147 
402151 
271079 
402152 
402153 
271093 
402174 
402175 
402176 
271105 
402181 
402182 
402183 
271111 
402187 
402188 
402189 
271124 
271136 
402210 
402211 
402212 
271142 
402217 
402218 
402219 
320300 
402223 
402224 
402225 
320305 
271155 
320315 
271168 
271173 
402246 
402247 
402248 
320331 
402253 
402254 
402255 
271185 
320337 
402259 
402260 
402261 
320350 
402282 
320362 
402283 
402284 
320368 
402289 
402290 
402291 
402295 
402296 
402297 
320378 
402314 
320394 
402315 
402316 
320399 
402321 
402322 
402323 
402327 
402328 
402329 
320411 
402350 
402351 
402352 
271284 
402357 
402358 
402359 
271289 
402363 
402364 
402365 
271303 
402386 
271314 
402387 
402388 
271319 
402393 
402394 
402395 
402399 
271327 
402400 
402401 
271343 
271349 
238590 
238591 
238592 
271362 
238599 
238603 
238604 
238605 
271373 
238610 
271378 
238611 
238612 
238617 
271386 
238622 
238704 
238705 
238706 
238710 
238711 
238712 
238717 
238718 
238719 
238726 
238731 
238736 
238818 
238819 
238820 
238824 
238825 
238826 
238831 
238832 
238833 
238840 
238845 
238850 
238932 
238933 
238934 
238938 
107867 
238939 
238940 
238945 
238946 
238947 
107879 
238954 
107884 
238959 
550255 
550256 
550257 
238964 
550261 
550262 
550263 
550266 
550267 
550268 
550314 
320939 
550315 
550316 
320944 
550320 
550321 
550322 
550325 
550326 
550327 
107961 
320954 
107966 
107971 
550341 
239046 
550342 
239047 
550343 
239048 
320970 
550347 
239052 
550348 
239053 
550349 
239054 
550351 
320976 
550352 
550353 
239059 
239060 
239061 
239068 
320989 
239073 
239078 
321001 
321007 
321017 
321033 
321038 
108048 
108053 
108058 
321050 
271914 
271919 
239160 
239161 
239162 
271933 
239166 
239167 
239168 
239173 
239174 
239175 
271944 
271949 
239182 
239187 
271957 
239192 
271973 
108135 
271979 
108140 
108145 
271987 
272003 
272008 
272012 
239274 
239275 
239276 
239280 
239281 
239282 
239287 
239288 
239289 
272061 
108222 
239296 
272066 
108227 
239301 
108232 
239306 
272076 
272092 
272098 
272111 
108309 
108314 
239388 
239389 
239390 
108319 
239394 
239395 
239396 
550696 
239401 
550697 
239402 
550698 
239403 
550702 
550703 
550704 
239410 
272179 
550707 
370484 
550708 
370485 
550709 
370486 
239415 
370490 
370491 
370492 
239420 
272189 
370496 
370497 
370498 
550722 
550723 
550724 
272199 
550728 
550729 
550730 
550733 
550734 
550735 
272210 
370516 
370517 
370518 
370523 
370524 
272220 
370525 
550749 
550750 
550751 
370529 
370530 
370531 
550755 
550756 
550757 
550759 
272232 
550760 
550761 
108396 
108401 
370545 
370546 
370547 
108406 
370552 
370553 
370554 
370558 
370559 
370560 
239502 
239503 
239504 
239508 
239509 
239510 
239515 
239516 
239517 
239524 
239529 
239534 
370611 
370612 
370613 
370618 
370619 
370620 
370624 
370625 
370626 
108483 
108488 
108493 
370647 
370648 
370649 
370654 
370655 
370656 
370660 
370661 
370662 
239616 
239617 
239618 
239622 
239623 
239624 
239629 
239630 
239631 
239638 
108570 
239643 
108575 
239648 
108580 
321578 
321583 
321593 
370755 
370756 
370757 
321609 
370762 
370763 
370764 
321615 
370768 
370769 
370770 
321628 
321640 
321646 
108657 
239730 
239731 
239732 
108662 
239736 
321656 
239737 
239738 
108667 
239743 
239744 
239745 
239752 
321672 
239757 
321677 
239762 
321689 
10433 
10439 
108744 
10440 
10441 
108749 
256209 
108754 
256210 
256211 
256218 
10460 
256222 
256223 
256224 
551137 
10466 
551138 
10467 
551139 
239844 
10468 
239845 
256229 
239846 
256230 
256231 
551143 
551144 
551145 
239850 
239851 
239852 
256236 
551148 
551149 
551150 
239857 
256241 
239858 
239859 
10487 
239866 
551163 
551164 
10493 
551165 
10494 
239871 
10495 
551169 
551170 
551171 
239876 
551174 
551175 
551176 
10514 
387348 
387349 
387350 
551190 
551191 
10520 
551192 
10521 
10522 
387355 
387356 
551196 
387357 
551197 
551198 
108831 
551200 
387361 
551201 
387362 
551202 
387363 
108836 
108841 
10541 
10547 
10548 
10549 
256323 
256324 
256325 
10568 
256329 
256330 
256331 
10574 
10575 
256336 
10576 
256337 
256338 
239958 
239959 
239960 
256345 
239964 
239965 
239966 
256350 
239971 
256355 
10595 
239972 
239973 
10601 
10602 
10603 
239980 
239985 
108918 
239990 
272760 
108923 
272765 
10622 
108928 
387456 
387457 
387458 
10628 
10629 
10630 
387463 
272775 
387464 
387465 
387469 
387470 
387471 
272791 
10649 
272797 
10655 
10656 
10657 
272810 
10676 
256437 
256438 
272822 
256439 
10682 
256443 
10683 
256444 
272828 
10684 
256445 
256450 
256451 
256452 
272838 
240072 
240073 
240074 
256459 
109005 
240078 
240079 
10703 
240080 
256464 
109010 
240085 
256469 
10709 
240086 
272854 
10710 
109015 
240087 
10711 
272859 
240094 
240099 
272871 
240104 
10730 
387564 
387565 
387566 
10736 
10737 
10738 
387571 
387572 
387573 
387577 
387578 
387579 
10757 
10763 
10764 
10765 
10784 
109092 
10790 
256551 
10791 
256552 
10792 
109097 
256553 
256557 
109102 
256558 
256559 
256564 
256565 
256566 
240186 
240187 
10811 
240188 
256573 
240192 
240193 
10817 
240194 
256578 
10818 
10819 
240199 
256583 
240200 
240201 
240208 
240213 
10838 
387672 
387673 
240218 
387674 
10844 
10845 
10846 
387679 
387680 
387681 
387685 
387686 
387687 
256626 
10866 
256627 
256628 
10871 
256632 
10872 
256633 
10873 
256634 
109179 
256640 
109184 
256641 
256642 
109189 
256650 
10892 
256655 
551569 
10898 
551570 
10899 
551571 
10900 
256661 
551575 
551576 
256665 
551577 
256666 
256667 
551580 
551581 
551582 
256671 
256672 
256673 
256678 
256679 
10919 
256680 
322217 
551595 
240300 
551596 
240301 
10925 
551597 
240302 
10926 
322222 
256687 
10927 
551601 
240306 
551602 
240307 
551603 
240308 
256692 
551606 
551607 
322232 
551608 
240313 
256697 
240314 
240315 
240322 
10946 
387780 
387781 
240326 
387782 
551622 
551623 
10952 
322248 
551624 
10953 
10954 
240331 
387787 
387788 
551628 
387789 
551629 
322254 
551630 
551632 
387793 
551633 
387794 
551634 
387795 
322267 
10973 
10979 
256740 
10980 
256741 
10981 
256742 
322279 
256746 
256747 
256748 
322285 
256754 
256755 
256756 
322295 
11000 
256764 
11006 
11007 
11008 
256769 
109314 
256775 
322311 
256779 
256780 
322316 
256781 
109327 
256785 
256786 
256787 
11027 
109333 
240406 
240407 
256792 
240408 
322328 
256793 
11033 
256794 
11034 
11035 
240415 
240416 
256801 
240417 
240420 
240421 
256806 
240422 
256811 
11054 
256815 
256816 
387888 
256817 
387889 
387890 
11060 
11061 
11062 
387895 
387896 
256825 
387897 
256829 
387901 
256830 
387902 
256831 
387903 
256837 
256838 
256839 
11081 
256844 
11087 
11088 
11089 
256850 
256854 
256855 
256856 
256860 
256861 
256862 
256868 
109412 
11108 
256869 
256870 
109417 
11114 
11115 
11116 
256878 
109423 
240498 
256883 
240499 
240500 
240503 
240504 
256889 
240505 
240508 
256893 
240509 
256894 
240510 
322430 
256895 
11135 
256899 
322435 
256900 
256901 
11141 
11142 
11143 
256906 
256907 
256908 
322449 
256915 
256920 
11162 
387996 
256925 
387997 
322461 
387998 
11168 
256929 
11169 
256930 
11170 
256931 
388003 
322467 
388004 
388005 
388009 
388010 
256939 
388011 
256943 
256944 
322480 
256945 
11189 
256951 
256952 
256953 
11195 
322492 
11196 
11197 
256958 
109502 
322498 
109507 
256964 
256968 
256969 
109513 
256970 
256974 
240590 
256975 
240591 
322511 
256976 
240592 
11216 
240595 
240596 
240597 
256982 
11222 
256983 
11223 
256984 
240600 
11224 
240601 
240602 
322524 
256992 
322529 
256997 
257003 
11243 
322541 
257007 
257008 
257009 
11249 
11250 
11251 
257013 
257014 
257015 
273399 
257020 
273404 
257021 
257022 
257029 
273414 
11270 
388104 
388105 
257034 
388106 
11276 
11277 
11278 
257039 
388111 
388112 
388113 
257043 
257044 
257045 
388117 
388118 
273430 
388119 
109592 
273436 
257053 
109597 
257057 
257058 
257059 
109603 
257065 
273449 
257066 
240682 
257067 
240683 
240684 
240687 
257072 
240688 
240689 
240692 
240693 
273461 
257078 
240694 
257082 
257083 
273467 
257084 
257088 
257089 
552001 
257090 
552002 
552003 
273477 
552007 
257096 
552008 
257097 
552009 
257098 
552012 
552013 
552014 
257106 
273493 
257111 
273498 
552027 
552028 
257117 
552029 
257121 
552033 
257122 
552034 
257123 
552035 
273510 
552038 
257127 
552039 
257128 
552040 
257129 
257134 
257135 
257136 
109682 
388212 
388213 
257142 
388214 
552054 
257143 
109687 
552055 
257144 
552056 
257145 
388219 
388220 
552060 
388221 
109693 
552061 
552062 
552064 
388225 
552065 
388226 
552066 
388227 
257157 
257158 
240774 
257159 
240775 
257160 
240776 
240779 
240780 
240781 
257167 
257168 
240784 
109712 
257169 
240785 
257170 
240786 
257173 
109717 
257174 
257175 
257176 
257177 
257178 
257179 
109723 
257186 
257190 
257191 
257192 
257197 
257198 
257199 
257204 
257209 
257213 
257214 
257215 
257219 
257220 
257221 
257226 
257227 
257228 
109772 
109777 
552145 
552146 
552147 
257236 
109783 
552151 
257240 
552152 
552153 
552156 
257245 
552157 
552158 
388320 
257249 
388321 
257250 
388322 
240866 
257251 
240867 
240868 
257255 
388327 
240871 
257256 
388328 
240872 
257257 
388329 
240873 
109802 
552171 
240876 
552172 
257261 
388333 
240877 
552173 
257262 
388334 
240878 
257263 
388335 
109807 
552177 
552178 
552179 
257269 
109813 
257270 
552182 
257271 
552183 
257272 
552184 
257278 
257279 
257280 
257281 
552198 
257287 
552199 
257288 
552200 
257289 
257290 
257292 
552204 
257293 
552205 
257294 
552206 
257295 
552208 
552209 
552210 
109862 
322856 
109867 
322861 
109873 
322871 
11581 
11582 
240958 
11583 
240959 
11584 
240960 
240963 
240964 
109892 
240965 
322887 
240968 
240969 
109897 
240970 
585035 
388428 
585036 
388429 
322893 
585037 
388430 
109903 
585041 
585042 
388435 
11603 
585043 
388436 
11604 
388437 
11605 
257366 
11606 
585046 
257367 
585047 
257368 
585048 
388441 
388442 
322906 
388443 
257375 
257376 
257377 
109922 
257380 
257381 
257382 
322918 
109927 
11625 
11626 
11627 
11628 
322924 
109933 
322934 
11647 
11648 
109952 
11649 
11650 
585091 
585092 
109957 
585093 
322950 
585097 
585098 
109963 
322955 
585099 
585102 
585103 
585104 
11669 
11670 
11671 
322967 
11672 
241050 
241051 
241052 
585117 
109982 
585118 
241055 
585119 
241056 
241057 
109987 
585123 
241060 
585124 
241061 
585125 
241062 
585127 
585128 
109993 
585129 
11691 
11692 
11693 
11694 
257458 
257459 
257460 
257463 
257464 
388536 
257465 
388537 
388538 
257468 
110012 
257469 
257470 
388543 
388544 
388545 
11713 
110017 
11714 
11715 
11716 
388549 
388550 
388551 
110023 
11735 
11736 
11737 
11738 
110042 
110047 
110053 
11757 
11758 
11759 
11760 
372209 
552433 
372210 
552434 
372211 
552435 
241142 
241143 
372215 
552439 
241144 
372216 
110072 
552440 
372217 
552441 
241147 
241148 
552444 
241149 
372221 
110077 
323069 
552445 
372222 
552446 
372223 
241152 
241153 
241154 
323074 
110083 
11779 
11780 
11781 
257542 
11782 
257543 
257544 
257547 
552459 
257548 
552460 
257549 
552461 
257552 
323088 
257553 
552465 
257554 
552466 
552467 
110102 
552470 
552471 
552472 
11801 
11802 
110107 
11803 
323100 
11804 
110113 
323106 
388644 
388645 
388646 
552486 
552487 
552488 
388651 
388652 
552492 
388653 
552493 
552494 
323119 
11823 
552496 
11824 
388657 
552497 
11825 
388658 
552498 
11826 
388659 
110131 
110135 
323131 
110140 
323137 
11845 
11846 
11847 
11848 
110158 
323150 
241234 
110162 
241235 
241236 
241239 
257623 
110167 
241240 
257624 
241241 
257625 
372314 
372315 
323163 
11867 
241244 
257628 
372316 
11868 
241245 
257629 
11869 
241246 
257630 
11870 
372320 
323168 
257633 
372321 
257634 
372322 
257635 
372326 
372327 
372328 
110185 
323180 
110189 
11889 
110194 
11890 
11891 
11892 
274038 
274043 
552577 
552578 
552579 
274053 
552583 
11911 
552584 
11912 
552585 
11913 
11914 
339596 
552588 
257677 
552589 
257678 
552590 
257679 
388752 
388753 
339601 
257682 
388754 
257683 
257684 
274069 
388759 
257688 
388760 
257689 
388761 
257690 
274075 
552603 
552604 
388765 
552605 
388766 
388767 
339615 
552609 
552610 
552611 
552614 
552615 
257704 
274088 
552616 
257705 
257706 
339627 
257709 
241326 
257710 
241327 
257711 
241328 
339633 
257714 
241331 
257715 
241332 
257716 
274100 
241333 
552630 
552631 
241336 
552632 
241337 
241338 
274106 
552636 
552637 
339646 
552638 
552640 
552641 
552642 
372419 
372420 
274116 
372421 
372425 
372426 
372427 
372431 
372432 
372433 
274132 
470742 
470743 
470744 
274137 
257755 
257756 
470748 
257757 
470749 
470750 
257760 
257761 
470753 
257762 
470754 
470755 
274149 
257766 
257767 
257768 
470764 
470765 
470766 
470770 
470771 
470772 
257782 
257783 
470775 
257784 
470776 
470777 
257787 
585467 
257788 
388860 
585468 
257789 
388861 
585469 
388862 
257792 
257793 
585473 
257794 
585474 
339714 
388867 
585475 
470787 
388868 
470788 
388869 
470789 
585478 
585479 
585480 
388873 
470793 
241418 
388874 
470794 
241419 
388875 
470795 
241420 
339724 
470797 
257806 
470798 
241423 
257807 
470799 
241424 
257808 
241425 
241428 
241429 
585493 
241430 
585494 
585495 
257816 
257817 
339737 
257818 
470810 
585499 
470811 
585500 
470812 
585501 
257822 
257823 
257824 
585504 
470816 
585505 
470817 
339745 
585506 
470818 
470821 
470822 
470823 
257833 
257834 
257835 
339755 
372524 
372525 
257838 
372526 
257839 
585519 
257840 
585520 
470832 
585521 
470833 
372530 
470834 
372531 
257844 
372532 
257845 
585525 
257846 
585526 
470838 
585527 
470839 
339767 
372536 
470840 
585529 
372537 
585530 
372538 
585531 
470843 
470844 
470845 
257860 
257861 
257862 
470855 
470856 
257865 
470857 
257866 
257867 
470861 
257870 
470862 
257871 
470863 
257872 
470865 
470866 
470867 
257884 
257885 
257886 
470878 
470879 
470880 
470884 
470885 
241510 
257894 
470886 
241511 
257895 
241512 
257896 
388968 
388969 
470889 
388970 
470890 
241515 
470891 
241516 
257900 
241517 
257901 
257902 
388975 
241520 
388976 
241521 
388977 
241522 
388981 
388982 
257911 
388983 
257912 
470904 
257913 
470905 
470906 
257916 
257917 
257918 
470910 
470911 
470912 
257922 
257923 
470915 
257924 
470916 
470917 
257938 
257939 
470931 
257940 
470932 
372629 
470933 
372630 
257943 
372631 
257944 
257945 
470937 
470938 
372635 
470939 
257948 
372636 
257949 
372637 
470941 
339869 
257950 
470942 
470943 
552865 
372641 
552866 
372642 
339874 
552867 
372643 
552871 
323495 
552872 
552873 
257962 
257963 
257964 
552876 
323500 
552877 
552878 
339888 
257972 
257973 
257974 
323510 
257978 
257979 
552891 
257980 
552892 
339900 
552893 
552897 
552898 
339906 
241602 
552899 
241603 
241604 
257989 
257990 
552902 
323526 
257991 
552903 
241607 
552904 
241608 
241609 
257994 
257995 
257996 
323532 
241612 
241613 
241614 
339919 
258000 
258001 
258002 
552918 
552919 
552920 
323545 
339931 
552924 
552925 
552926 
258016 
552928 
258017 
552929 
339937 
258018 
552930 
323557 
258025 
258026 
258027 
323563 
258030 
471022 
339950 
258031 
471023 
258032 
471024 
471028 
471029 
323573 
471030 
258040 
258041 
471033 
258042 
471034 
471035 
339963 
258045 
258046 
372734 
258047 
372735 
372736 
339968 
258050 
258051 
258052 
372740 
372741 
323589 
372742 
471048 
471049 
372746 
471050 
323594 
372747 
372748 
339980 
471054 
471055 
471056 
471059 
471060 
471061 
323606 
241694 
241695 
241696 
471075 
241699 
471076 
241700 
471077 
241701 
241704 
471081 
241705 
471082 
241706 
471083 
471085 
471086 
471087 
553009 
553010 
553011 
553015 
553016 
553017 
553020 
553021 
553022 
553035 
553036 
553037 
553041 
553042 
553043 
553046 
553047 
553048 
553062 
372839 
553063 
372840 
553064 
372841 
553068 
372845 
553069 
372846 
553070 
372847 
553072 
553073 
553074 
340082 
372851 
372852 
372853 
340087 
241786 
241787 
323708 
241788 
471166 
471167 
241791 
471168 
241792 
323713 
241793 
471172 
241796 
471173 
340101 
241797 
471174 
241798 
471177 
471178 
471179 
323727 
340113 
340119 
471192 
471193 
471194 
323739 
471198 
471199 
471200 
323745 
585890 
585891 
471203 
585892 
471204 
340132 
471205 
585896 
585897 
585898 
585901 
585902 
323758 
585903 
340144 
471219 
471220 
471221 
340150 
471225 
471226 
323770 
471227 
585916 
585917 
471229 
585918 
471230 
471231 
323776 
553153 
585922 
553154 
585923 
553155 
340163 
585924 
585927 
553159 
585928 
553160 
585929 
553161 
553164 
553165 
323789 
553166 
372944 
340176 
372945 
372946 
340181 
585942 
372950 
585943 
372951 
585944 
372952 
323802 
553179 
585948 
372956 
553180 
585949 
372957 
553181 
585950 
372958 
323807 
585952 
585953 
553185 
340193 
585954 
553186 
553187 
553190 
553191 
553192 
323819 
274677 
553206 
553207 
553208 
274682 
553212 
553213 
553214 
553216 
553217 
553218 
274692 
274708 
274714 
274727 
274739 
373049 
274745 
373050 
373051 
373055 
373056 
373057 
274755 
373061 
373062 
373063 
340295 
340300 
553297 
323921 
553298 
274771 
553299 
323926 
553303 
274776 
553304 
553305 
340314 
553308 
553309 
553310 
274788 
323940 
340326 
553323 
553324 
340332 
553325 
323952 
553329 
553330 
553331 
553334 
323958 
553335 
553336 
340345 
323966 
340357 
553350 
553351 
553352 
340363 
553356 
553357 
553358 
323983 
553360 
553361 
553362 
323989 
340376 
471454 
471455 
471456 
373154 
324002 
373155 
471460 
373156 
471461 
340389 
471462 
373160 
471465 
373161 
471466 
340394 
373162 
471467 
373166 
373167 
324015 
373168 
324020 
340406 
471480 
471481 
471482 
324028 
471486 
471487 
471488 
471491 
471492 
471493 
471507 
471508 
471509 
471513 
471514 
471515 
553435 
553436 
471517 
553437 
471518 
471519 
553441 
553442 
553443 
553446 
553447 
553448 
553461 
553462 
553463 
553467 
553468 
553469 
553472 
553473 
553474 
373259 
373260 
373261 
553488 
553489 
373265 
553490 
373266 
373267 
553494 
553495 
373271 
553496 
373272 
373273 
553498 
553499 
553500 
340508 
340513 
324134 
324139 
340527 
324149 
340539 
340545 
324165 
586313 
586314 
586315 
324171 
340558 
586319 
586320 
586321 
586324 
586325 
586326 
324184 
340570 
340576 
586339 
586340 
324196 
586341 
586345 
586346 
324202 
586347 
553579 
553580 
553581 
340589 
586350 
586351 
586352 
553585 
553586 
553587 
373364 
324212 
373365 
553590 
373366 
553591 
553592 
373370 
340602 
373371 
373372 
586365 
586366 
586367 
340607 
373376 
373377 
373378 
586371 
586372 
324228 
586373 
553605 
553606 
586375 
553607 
586376 
586377 
324233 
553611 
340619 
553612 
553613 
553616 
553617 
553618 
324245 
553632 
553633 
553634 
553638 
553639 
553640 
553642 
553643 
553644 
373469 
373470 
373471 
373475 
373476 
373477 
373481 
373482 
373483 
340721 
340726 
553723 
324347 
553724 
553725 
324352 
553729 
553730 
553731 
340740 
553734 
553735 
553736 
324366 
340752 
553745 
553746 
553747 
340758 
553751 
553752 
553753 
324378 
553756 
553757 
553758 
324384 
340771 
553768 
553769 
553770 
324397 
553774 
553775 
340783 
553776 
553778 
553779 
553780 
340789 
324409 
553791 
324415 
553792 
553793 
340802 
553797 
553798 
373574 
553799 
373575 
373576 
553802 
553803 
553804 
373580 
324428 
373581 
373582 
340815 
373586 
373587 
373588 
340820 
553817 
324441 
553818 
553819 
324446 
553823 
586592 
553824 
340832 
586593 
553825 
586594 
553828 
553829 
586598 
553830 
586599 
586600 
324458 
586603 
586604 
586605 
275316 
553844 
553845 
553846 
275321 
586618 
553850 
586619 
553851 
586620 
553852 
553854 
553855 
586624 
553856 
586625 
586626 
275331 
586629 
586630 
586631 
275347 
586645 
586646 
586647 
275353 
586651 
586652 
586653 
586655 
586656 
586657 
275366 
373679 
373680 
373681 
275378 
373685 
373686 
373687 
275384 
373691 
373692 
373693 
275394 
340934 
340939 
553935 
324560 
553936 
553937 
275410 
324565 
553941 
553942 
275415 
553943 
340953 
553946 
553947 
553948 
324579 
275427 
340965 
553961 
553962 
553963 
340971 
324591 
553967 
586736 
553968 
586737 
553969 
586738 
553972 
324597 
553973 
586742 
553974 
586743 
586744 
340984 
586747 
586748 
586749 
324605 
340996 
553988 
553989 
553990 
586762 
341002 
553994 
586763 
553995 
586764 
553996 
324622 
553998 
553999 
586768 
554000 
586769 
586770 
324628 
586773 
586774 
586775 
341015 
373784 
373785 
373786 
373790 
373791 
373792 
324641 
586788 
341028 
373796 
586789 
373797 
586790 
373798 
341033 
586794 
586795 
586796 
586798 
324654 
586799 
586800 
324659 
341045 
324667 
554079 
554080 
554081 
554085 
554086 
554087 
554090 
554091 
554092 
554101 
554102 
554103 
554107 
554108 
554109 
554112 
554113 
554114 
554124 
554125 
554126 
554129 
554130 
554131 
554133 
554134 
554135 
341147 
341152 
554144 
554145 
554146 
324773 
554150 
554151 
554152 
324778 
554155 
554156 
554157 
341166 
324788 
341178 
554170 
554171 
554172 
341184 
554176 
554177 
554178 
324804 
554181 
554182 
554183 
341192 
324810 
554197 
554198 
324823 
554199 
341209 
554202 
554203 
554204 
554206 
341215 
554207 
554208 
324835 
324841 
341228 
324851 
341241 
341246 
324867 
341254 
587015 
587016 
324872 
587017 
587021 
587022 
587023 
587026 
587027 
587028 
324884 
587041 
587042 
587043 
587047 
554279 
587048 
554280 
587049 
554281 
587052 
587053 
554285 
587054 
554286 
554287 
554290 
554291 
341300 
554292 
341305 
587068 
587069 
587070 
554305 
587074 
554306 
587075 
554307 
587076 
587078 
587079 
341319 
554311 
587080 
554312 
554313 
554316 
554317 
554318 
341330 
341335 
554332 
554333 
554334 
341343 
554337 
554338 
554339 
554341 
554342 
554343 
324986 
324991 
325005 
587159 
587160 
587161 
325017 
587165 
587166 
587167 
325023 
587170 
587171 
587172 
341412 
325036 
341422 
587185 
587186 
587187 
587191 
587192 
325048 
587193 
341435 
587196 
587197 
587198 
325054 
341442 
587211 
325067 
341451 
587212 
587213 
587217 
587218 
587219 
341459 
587221 
587222 
587223 
325080 
325085 
325097 
275955 
275960 
112125 
275970 
112138 
112144 
275986 
275992 
587294 
587295 
587296 
112163 
587300 
587301 
276005 
587302 
112168 
587305 
587306 
587307 
112174 
276017 
276023 
341561 
341566 
276033 
112193 
112198 
341580 
112204 
325199 
276049 
325204 
276054 
341592 
587353 
587354 
587355 
341598 
587359 
112223 
587360 
587361 
276066 
325218 
587364 
112228 
587365 
587366 
112234 
341611 
325230 
587380 
325236 
587381 
587382 
341622 
587386 
587387 
341627 
587388 
325244 
112253 
587390 
587391 
587392 
112258 
341635 
112264 
325261 
489106 
489107 
325267 
341651 
489108 
341655 
489112 
489113 
489114 
112283 
489117 
489118 
489119 
341663 
325280 
112288 
112294 
243368 
243369 
243370 
325293 
587438 
587439 
587440 
325298 
243378 
587444 
587445 
587446 
243382 
243383 
243384 
587449 
112313 
587450 
325306 
587451 
243390 
112318 
243391 
243392 
112324 
243397 
587464 
587465 
587466 
243403 
489165 
587470 
489166 
587471 
489167 
587472 
587475 
489171 
587476 
489172 
587477 
489173 
112343 
489176 
489177 
489178 
112348 
112354 
587491 
587492 
587493 
489192 
587497 
489193 
587498 
489194 
587499 
112364 
587501 
587502 
489198 
587503 
489199 
489200 
489202 
489203 
489204 
112376 
112381 
341765 
341770 
112399 
112403 
341784 
112408 
243485 
243486 
243487 
325409 
243491 
341796 
243492 
243493 
325414 
341802 
112426 
243499 
243500 
243501 
112430 
325424 
112435 
243509 
341815 
243514 
587582 
587583 
587584 
325440 
243520 
341826 
587588 
587589 
112453 
587590 
325446 
341831 
587593 
112457 
587594 
587595 
112462 
341839 
325459 
587608 
587609 
587610 
587614 
325470 
587615 
341855 
587616 
112480 
587619 
325475 
341859 
587620 
112484 
587621 
325480 
112489 
341867 
587634 
587635 
587636 
587640 
587641 
587642 
325499 
112507 
587644 
587645 
587646 
325503 
112511 
112516 
325511 
243602 
243603 
243604 
112534 
243608 
243609 
243610 
112538 
112543 
243616 
243617 
243618 
538532 
538533 
538534 
538538 
243626 
538539 
538540 
538543 
243631 
538544 
538545 
112561 
243637 
112565 
112570 
587717 
587718 
587719 
587723 
587724 
587725 
587728 
587729 
341969 
587730 
341974 
538588 
538589 
538590 
538594 
538595 
538596 
341988 
538599 
538600 
538601 
325613 
391151 
342000 
391152 
391153 
325618 
391157 
538614 
342006 
391158 
538615 
391159 
538616 
391163 
538620 
391164 
538621 
391165 
538622 
587776 
538624 
325632 
112640 
587777 
538625 
587778 
538626 
342019 
587782 
587783 
243719 
587784 
243720 
243721 
587787 
587788 
325644 
112652 
587789 
243725 
342030 
243726 
243727 
112657 
325650 
342035 
243733 
243734 
243735 
587803 
342043 
587804 
587805 
325663 
243743 
587809 
587810 
587811 
243748 
587813 
587814 
587815 
325674 
243754 
342059 
325679 
342063 
325687 
342071 
325703 
489547 
325707 
489548 
489549 
489553 
489554 
489555 
325715 
587861 
587862 
489558 
587863 
489559 
489560 
391256 
391257 
391258 
587867 
587868 
587869 
391262 
112734 
391263 
587872 
391264 
587873 
587874 
112739 
391268 
489573 
391269 
489574 
391270 
489575 
112744 
489579 
489580 
489581 
587887 
587888 
489584 
587889 
489585 
489586 
276594 
587893 
587894 
587895 
276599 
587898 
587899 
587900 
243836 
243837 
243838 
489600 
489601 
276609 
489602 
243842 
243843 
243844 
489606 
489607 
489608 
587914 
489610 
243850 
587915 
489611 
243851 
587916 
489612 
243852 
587920 
587921 
276625 
587922 
587924 
243860 
587925 
587926 
276631 
243865 
342173 
243871 
342178 
243875 
276644 
243876 
243877 
243881 
243882 
243883 
342192 
276656 
243889 
243890 
243891 
112821 
276662 
325817 
112826 
243899 
342204 
325822 
112831 
276672 
243904 
391361 
342210 
391362 
391363 
243910 
391367 
391368 
391369 
325836 
391373 
391374 
342223 
391375 
276688 
276693 
325848 
342234 
325854 
342239 
276705 
588005 
588006 
325862 
588007 
342247 
588011 
588012 
588013 
588016 
588017 
243953 
588018 
243954 
243955 
325878 
342263 
243959 
243960 
243961 
342267 
325883 
588031 
243967 
588032 
243968 
588033 
243969 
342275 
325891 
588037 
96517 
588038 
588039 
243977 
588042 
96522 
588043 
588044 
112908 
243982 
96528 
112913 
325907 
243988 
112918 
325911 
243992 
588057 
243993 
588058 
243994 
588059 
325915 
243998 
588063 
243999 
588064 
244000 
588065 
588067 
96547 
588068 
588069 
244006 
244007 
96552 
244008 
391466 
391467 
391468 
96558 
244016 
391472 
391473 
391474 
244021 
391478 
391479 
391480 
244027 
96577 
96582 
112967 
96588 
112972 
112978 
538964 
538965 
538966 
538970 
538971 
538972 
538975 
96607 
538976 
538977 
112995 
96612 
588134 
244070 
588135 
244071 
588136 
244072 
113000 
342377 
96618 
588140 
244076 
588141 
244077 
113005 
588142 
342382 
538990 
244078 
538991 
538992 
588145 
588146 
588147 
538996 
244084 
538997 
244085 
538998 
244086 
539001 
539002 
539003 
342396 
96637 
244094 
96642 
244099 
342408 
539016 
96648 
539017 
244105 
539018 
244109 
342414 
539022 
244110 
539023 
244111 
539024 
539026 
539027 
244115 
391571 
539028 
244116 
391572 
244117 
391573 
391577 
391578 
342427 
244123 
391579 
244124 
244125 
113054 
391583 
391584 
588193 
391585 
588194 
588195 
113059 
244133 
342438 
588199 
588200 
588201 
113065 
244138 
342443 
588204 
588205 
588206 
244144 
342451 
244148 
391604 
244149 
391605 
244150 
391606 
96697 
244154 
113082 
244155 
391611 
588220 
244156 
391612 
588221 
391613 
588222 
96702 
113087 
391617 
588226 
244162 
391618 
588227 
342467 
244163 
391619 
588228 
96708 
244164 
113092 
588230 
588231 
342471 
588232 
244171 
342479 
113103 
244177 
244182 
244187 
244188 
113116 
244189 
244193 
244194 
113122 
244195 
244201 
244202 
244203 
244211 
113141 
588278 
588279 
588280 
244216 
113146 
588284 
391676 
588285 
391677 
588286 
244222 
391678 
113152 
588289 
588290 
244226 
391682 
588291 
244227 
391683 
489988 
244228 
391684 
489989 
489990 
244232 
391688 
244233 
391689 
489994 
244234 
391690 
96779 
489995 
489996 
489999 
588304 
490000 
244240 
588305 
490001 
244241 
113169 
588306 
244242 
588310 
113174 
588311 
588312 
96792 
244250 
588315 
113179 
588316 
588317 
391709 
391710 
96798 
490014 
391711 
490015 
244255 
490016 
391716 
490020 
391717 
490021 
244261 
391718 
490022 
113190 
490025 
244265 
391722 
490026 
244266 
588331 
391723 
490027 
244267 
588332 
391724 
588333 
244271 
244272 
588337 
96817 
244273 
588338 
588339 
113203 
588341 
342581 
588342 
96822 
588343 
244279 
244280 
490041 
244281 
113209 
342586 
490042 
490043 
96828 
490047 
490048 
244288 
490049 
490051 
490052 
490053 
244294 
342600 
244299 
113228 
96847 
244304 
244305 
113233 
244306 
342612 
96852 
244310 
244311 
113239 
244312 
342618 
96858 
244318 
244319 
244320 
391781 
391782 
244326 
342631 
391783 
244327 
244328 
113256 
244329 
391787 
391788 
391789 
96877 
113261 
391793 
342642 
391794 
96882 
113266 
391795 
244339 
244340 
244341 
244342 
342647 
96888 
244349 
113277 
244350 
342655 
244351 
588416 
244352 
588417 
588418 
244356 
244357 
588422 
391814 
244358 
588423 
391815 
244359 
588424 
391816 
113290 
588427 
96907 
244363 
588428 
244364 
588429 
391821 
244365 
391822 
342671 
391823 
96912 
113296 
244369 
244370 
342675 
391827 
244371 
391828 
391829 
588438 
96918 
588439 
588440 
244377 
244378 
342683 
244379 
588444 
588445 
588446 
588449 
588450 
588451 
244387 
113315 
244392 
113320 
96937 
391850 
391851 
588460 
391852 
588461 
588462 
96942 
244398 
113326 
391857 
588466 
391858 
244402 
588467 
391859 
244403 
588468 
96948 
244404 
588470 
588471 
391863 
588472 
391864 
244408 
391865 
244409 
244410 
309947 
113343 
309952 
244416 
588481 
244417 
588482 
244418 
588483 
113348 
588487 
96967 
588488 
588489 
244425 
113353 
588492 
96972 
588493 
588494 
391886 
309966 
391887 
244431 
391888 
96978 
113363 
391892 
244436 
391893 
391894 
309977 
244441 
391898 
244442 
391899 
244443 
391900 
309982 
244447 
113375 
244448 
244449 
113380 
96997 
309990 
244454 
244455 
244456 
97002 
244462 
391919 
244463 
391920 
97008 
244464 
391921 
277233 
244465 
244469 
391926 
277238 
244470 
113398 
391927 
244471 
391928 
244472 
588537 
588538 
113402 
588539 
391932 
391933 
391934 
244478 
588543 
244479 
113407 
588544 
277248 
244480 
588545 
342785 
244481 
588548 
539396 
244484 
588549 
539397 
244485 
588550 
342790 
539398 
244486 
244487 
539402 
539403 
244491 
539404 
244492 
244493 
539407 
113423 
539408 
277264 
539409 
244497 
244498 
588563 
391955 
244499 
113427 
588564 
342804 
391956 
588565 
391957 
277270 
113431 
244504 
588569 
244505 
588570 
391962 
244506 
588571 
391963 
391964 
588573 
588574 
539422 
588575 
539423 
342816 
391968 
539424 
391969 
391970 
244514 
277283 
539428 
539429 
342822 
539430 
244518 
539433 
539434 
310059 
539435 
244523 
342830 
277295 
244527 
244528 
244529 
310069 
277301 
244533 
244534 
391991 
244535 
539448 
391992 
539449 
391993 
539450 
244540 
391997 
244541 
342846 
539454 
391998 
244542 
539455 
277311 
391999 
539456 
310082 
539458 
342851 
539459 
392003 
539460 
392004 
392005 
244549 
588616 
588617 
310089 
588618 
244554 
342859 
588622 
244558 
588623 
277327 
588624 
310098 
588627 
588628 
392020 
277332 
588629 
392021 
244565 
392022 
244566 
244567 
310106 
342875 
392027 
392028 
392029 
342879 
244575 
277344 
244576 
392033 
244577 
588642 
392034 
588643 
342883 
392035 
588644 
244581 
244582 
244583 
588648 
588649 
588650 
588653 
588654 
588655 
392056 
392057 
392058 
588669 
588670 
588671 
392063 
392064 
392065 
588674 
588675 
588676 
392069 
588678 
392070 
588679 
392071 
588680 
392092 
392093 
392094 
392098 
392099 
392100 
392104 
392105 
392106 
244663 
244664 
392121 
244665 
392122 
392123 
244668 
490429 
244669 
490430 
244670 
490431 
392128 
392129 
392130 
244674 
490435 
244675 
490436 
244676 
490437 
392134 
392135 
490440 
392136 
588745 
490441 
588746 
490442 
588747 
588751 
588752 
588753 
588756 
588757 
588758 
490455 
490456 
490457 
490461 
392157 
490462 
392158 
588767 
490463 
392159 
588768 
588769 
490466 
490467 
490468 
392164 
588773 
392165 
588774 
392166 
588775 
588778 
392170 
588779 
392171 
588780 
392172 
490482 
490483 
490484 
588789 
588790 
588791 
490488 
490489 
588794 
490490 
588795 
588796 
490492 
490493 
588798 
490494 
588799 
588800 
244761 
244762 
244763 
244766 
244767 
244768 
244772 
244773 
244774 
244851 
244852 
244853 
244856 
244857 
244858 
244862 
244863 
244864 
539828 
539829 
539830 
539834 
539835 
539836 
539839 
539840 
539841 
244938 
244939 
244940 
539854 
539855 
244943 
539856 
244944 
244945 
539860 
539861 
244949 
539862 
244950 
244951 
539865 
539866 
539867 
97499 
244965 
244966 
244967 
539880 
97512 
539881 
539882 
244970 
244971 
244972 
539886 
97518 
539887 
539888 
244976 
244977 
539890 
244978 
539891 
539892 
97537 
97542 
97548 
97565 
245025 
97570 
245026 
245027 
245030 
97575 
245031 
245032 
245036 
245037 
245038 
245052 
245053 
343358 
245054 
245057 
245058 
343363 
245059 
245063 
245064 
245065 
343377 
97624 
343388 
97629 
343393 
97635 
343401 
310634 
310639 
277872 
245106 
245107 
97652 
245108 
277877 
490870 
490871 
245111 
490872 
245112 
97657 
245113 
15739 
490876 
310653 
490877 
245117 
97662 
490878 
245118 
277887 
245119 
15744 
490881 
15745 
490882 
15746 
212355 
490883 
212356 
212357 
310664 
212361 
212362 
212363 
310669 
245133 
245134 
277903 
245135 
490896 
212369 
490897 
212370 
490898 
245138 
212371 
245139 
245140 
310677 
277909 
15765 
490902 
490903 
490904 
245144 
212377 
245145 
212378 
15770 
245146 
212379 
490907 
15771 
212380 
490908 
15772 
490909 
212383 
212384 
212385 
212386 
277922 
310693 
212390 
212391 
212392 
245160 
212393 
245161 
245162 
310699 
490923 
490924 
490925 
245165 
343470 
277934 
245166 
15791 
245167 
212400 
212401 
490929 
212402 
490930 
212403 
490931 
245171 
277940 
15796 
245172 
490933 
15797 
245173 
490934 
15798 
490935 
343480 
310712 
212408 
212409 
212410 
212414 
277950 
212415 
212416 
310723 
245187 
245188 
343493 
245189 
212422 
212423 
310728 
212424 
245192 
15817 
245193 
245194 
97739 
343500 
212430 
277966 
15822 
245198 
212431 
15823 
245199 
97744 
310736 
212432 
15824 
245200 
212433 
277971 
343509 
97749 
212437 
212438 
212439 
212440 
343517 
245214 
212447 
277983 
245215 
97760 
212448 
245216 
212449 
212450 
15843 
245219 
245220 
245221 
15848 
212457 
15849 
245225 
212458 
15850 
245226 
212459 
15851 
245227 
212460 
97773 
15857 
15858 
97779 
212467 
15859 
212468 
212469 
212473 
245241 
212474 
245242 
212475 
245243 
15869 
245246 
245247 
245248 
212481 
212482 
15874 
212483 
15875 
15876 
245252 
15877 
245253 
245254 
212490 
15883 
15884 
15885 
212496 
245268 
212501 
245269 
245270 
15895 
212506 
245274 
212507 
245275 
212508 
15900 
245276 
15901 
15902 
15903 
212512 
245280 
212513 
245281 
212514 
245282 
15909 
15910 
15911 
212520 
15912 
212521 
212522 
15918 
15919 
15920 
15921 
212530 
245298 
245299 
245300 
15926 
212535 
15927 
245303 
15928 
245304 
15929 
245305 
212541 
245309 
245310 
15935 
245311 
15936 
212545 
15937 
97858 
212546 
15938 
212547 
97863 
212551 
212552 
15944 
212553 
15945 
15946 
15947 
97869 
245325 
245326 
212559 
245327 
212560 
15952 
212561 
15953 
15954 
15955 
245331 
245332 
245333 
245336 
212569 
15961 
245337 
15962 
245338 
15963 
15964 
212574 
15970 
15971 
212580 
540260 
15972 
540261 
15973 
540262 
245352 
245353 
540266 
15978 
245354 
540267 
15979 
540268 
15980 
15981 
245357 
245358 
540271 
245359 
540272 
540273 
245362 
15987 
245363 
15988 
245364 
15989 
15990 
15996 
15997 
540286 
15998 
540287 
540288 
16000 
540292 
16004 
540293 
16005 
540294 
16006 
540297 
540298 
540299 
212623 
212624 
212625 
212629 
212630 
16022 
212631 
540312 
540313 
540314 
16027 
97948 
16028 
212637 
16029 
540318 
212638 
540319 
212639 
540320 
97953 
540322 
540323 
540324 
97959 
212647 
212651 
16045 
212657 
16050 
16051 
16052 
16074 
16079 
16080 
16081 
16100 
16105 
16106 
16107 
16108 
16114 
16115 
16116 
98038 
98043 
16126 
98049 
16131 
16132 
16133 
212742 
16134 
212743 
212744 
212748 
16140 
212749 
16141 
212750 
16142 
212754 
212755 
212756 
16152 
16157 
16158 
16159 
16160 
212772 
212773 
212774 
16166 
16167 
16168 
16169 
212778 
212779 
212780 
491311 
16175 
212784 
491312 
16176 
212785 
491313 
16177 
212786 
16178 
491317 
491318 
491319 
16183 
16184 
16185 
491322 
16186 
491323 
491324 
16192 
16193 
16194 
212803 
16195 
212804 
212805 
212808 
212809 
491337 
16201 
212810 
491338 
16202 
491339 
16203 
212814 
212815 
491343 
98128 
212816 
491344 
491345 
16209 
491348 
98133 
491349 
491350 
16215 
16216 
16217 
16218 
98139 
16224 
16225 
16226 
491364 
491365 
491366 
16232 
491370 
491371 
491372 
491374 
16238 
491375 
16239 
491376 
16240 
16241 
16247 
16248 
16249 
212865 
212866 
212867 
212870 
212871 
212872 
212876 
212877 
212878 
98218 
98223 
98229 
311264 
311269 
344045 
278511 
344050 
311283 
278516 
311294 
278526 
)

// ************************************************************************* //
