# Residuals   
# Time        	p             	Ux            	Uy            	Uz            	k             	epsilon       
3             	1.000000e+00	1.000000e+00	1.000000e+00	1.000000e+00	1.000000e+00	5.449781e-02
4             	1.750695e-01	5.390571e-01	1.993613e-01	4.551884e-01	5.086926e-02	3.405928e-03
5             	9.527233e-02	4.123181e-01	2.329094e-03	4.736575e-02	4.843019e-03	4.176792e-04
6             	8.908517e-02	2.416065e-01	5.153190e-04	7.377180e-03	4.677275e-04	4.988393e-05
7             	1.213629e-01	3.114219e-01	1.850990e-04	9.610994e-03	4.784599e-05	6.641998e-06
8             	3.335630e-01	6.933405e-02	1.064646e-04	7.670978e-03	8.677170e-06	2.349248e-06
9             	1.372280e-01	1.923390e-02	1.493332e-04	1.137457e-03	5.626150e-06	2.542958e-06
10            	1.535270e-01	2.702740e-02	1.785719e-04	9.372564e-04	5.931502e-06	3.327598e-06
11            	5.982828e-01	2.944500e-02	7.761484e-05	4.350057e-03	3.616362e-06	2.271012e-06
12            	1.494342e-01	1.331187e-02	2.089595e-04	1.891884e-03	3.054081e-06	1.913449e-06
13            	1.337532e-01	1.806189e-02	2.328041e-04	2.470747e-03	4.562978e-06	2.946481e-06
14            	1.842870e-01	4.938580e-02	1.319231e-04	8.236377e-03	5.299459e-06	3.459765e-06
15            	3.086430e-01	7.784169e-02	9.181814e-05	1.514472e-03	4.104683e-06	2.822522e-06
16            	1.797966e-01	5.465639e-02	1.914187e-04	1.437963e-03	5.469302e-06	4.115381e-06
17            	1.804557e-01	2.779608e-02	1.886842e-04	2.691737e-03	5.371470e-06	4.163733e-06
18            	6.162998e-01	2.708499e-02	1.054688e-04	7.323257e-03	4.595555e-06	3.514753e-06
19            	1.987695e-01	3.321997e-02	2.028261e-04	1.373964e-02	5.362855e-06	4.107388e-06
20            	1.671730e-01	5.757397e-02	2.628476e-04	6.425127e-03	5.165009e-06	3.900531e-06
21            	2.046740e-01	6.645300e-02	1.980038e-04	3.579896e-03	5.381644e-06	4.067035e-06
22            	5.487894e-01	4.870287e-02	1.496160e-04	2.680675e-03	6.565829e-06	5.360386e-06
23            	2.488070e-01	4.692421e-02	2.198558e-04	3.663871e-03	7.098290e-06	5.945891e-06
24            	2.247819e-01	3.627326e-02	2.389112e-04	4.369367e-03	8.315074e-06	7.018573e-06
25            	3.499544e-01	4.165273e-02	1.902627e-04	5.508206e-03	4.929562e-06	4.163353e-06
26            	2.714376e-01	4.927593e-02	1.984613e-04	7.511746e-03	6.856681e-06	5.751325e-06
27            	1.873479e-01	5.264571e-02	2.664072e-04	6.392577e-03	4.519658e-06	3.794846e-06
28            	1.689040e-01	4.278584e-02	2.539658e-04	4.543839e-03	3.446695e-06	2.879239e-06
29            	2.035719e-01	3.927815e-02	1.845878e-04	3.840340e-03	5.709664e-06	4.655946e-06
30            	3.735871e-01	3.162570e-02	1.616243e-04	3.291490e-03	6.050915e-06	4.810175e-06
31            	3.689418e-01	2.546796e-02	1.726791e-04	2.799243e-03	6.599154e-06	5.139690e-06
32            	3.362662e-01	2.600471e-02	1.642008e-04	2.956064e-03	6.607210e-06	5.061297e-06
33            	4.125331e-01	2.790188e-02	1.413632e-04	3.260051e-03	5.397808e-06	4.078319e-06
34            	2.103390e-01	2.816261e-02	1.354834e-04	3.338795e-03	5.750858e-06	4.307660e-06
35            	1.558843e-01	2.631846e-02	1.363089e-04	3.124732e-03	5.950890e-06	4.426667e-06
36            	1.404430e-01	2.318347e-02	1.266407e-04	2.812186e-03	5.180222e-06	3.832594e-06
37            	1.353379e-01	1.990381e-02	1.082107e-04	2.372421e-03	5.210276e-06	3.837478e-06
38            	1.467970e-01	1.695569e-02	9.902558e-05	1.970678e-03	4.734831e-06	3.474052e-06
39            	1.681018e-01	1.494194e-02	9.718554e-05	1.734529e-03	5.602611e-06	4.126322e-06
40            	1.727904e-01	1.448986e-02	9.562380e-05	1.677367e-03	6.402650e-06	4.693845e-06
41            	1.467746e-01	1.473649e-02	9.361362e-05	1.733845e-03	5.283539e-06	3.868798e-06
42            	1.125464e-01	1.462913e-02	9.102571e-05	1.769947e-03	4.786584e-06	3.517897e-06
43            	8.961547e-02	1.385858e-02	8.823336e-05	1.745678e-03	4.830490e-06	3.569053e-06
44            	7.668548e-02	1.260397e-02	8.445568e-05	1.657475e-03	5.656023e-06	4.199103e-06
45            	6.890740e-02	1.119964e-02	8.055956e-05	1.539043e-03	5.474693e-06	4.083474e-06
46            	6.510405e-02	9.914263e-03	7.728998e-05	1.410317e-03	4.337909e-06	3.249361e-06
47            	6.488946e-02	9.004042e-03	7.538328e-05	1.336067e-03	4.127336e-06	3.102449e-06
48            	6.396567e-02	8.579069e-03	7.410585e-05	1.320233e-03	4.801059e-06	3.617665e-06
49            	6.068326e-02	8.553929e-03	7.291836e-05	1.320785e-03	5.426357e-06	4.096957e-06
50            	5.482478e-02	8.533689e-03	7.149398e-05	1.322468e-03	4.524744e-06	3.422510e-06
51            	4.931415e-02	8.291376e-03	6.975066e-05	1.308161e-03	3.827005e-06	2.899138e-06
52            	4.429146e-02	7.846001e-03	6.761375e-05	1.279975e-03	4.020844e-06	3.050642e-06
53            	4.061934e-02	7.284809e-03	6.547387e-05	1.243233e-03	4.685088e-06	3.560455e-06
54            	3.740713e-02	6.740229e-03	6.338051e-05	1.209175e-03	4.787690e-06	3.643885e-06
55            	3.533414e-02	6.262730e-03	6.171464e-05	1.184748e-03	3.676929e-06	2.802049e-06
56            	3.411501e-02	5.905168e-03	6.026971e-05	1.176939e-03	3.380691e-06	2.578442e-06
57            	3.342285e-02	5.712201e-03	5.905130e-05	1.178508e-03	3.858361e-06	2.944247e-06
58            	3.233100e-02	5.571288e-03	5.767375e-05	1.176082e-03	4.403789e-06	3.361631e-06
59            	3.080375e-02	5.395165e-03	5.635271e-05	1.170249e-03	4.005961e-06	3.059027e-06
60            	2.900944e-02	5.173259e-03	5.486125e-05	1.161287e-03	3.053078e-06	2.332308e-06
61            	2.748965e-02	4.940125e-03	5.344960e-05	1.150536e-03	3.207292e-06	2.450983e-06
62            	2.606157e-02	4.721796e-03	5.198196e-05	1.141315e-03	3.742363e-06	2.860670e-06
63            	2.550792e-02	4.526431e-03	5.069892e-05	1.132087e-03	3.984831e-06	3.046696e-06
64            	2.497221e-02	4.364266e-03	4.942898e-05	1.125535e-03	3.253166e-06	2.487877e-06
65            	2.473187e-02	4.234292e-03	4.835009e-05	1.119457e-03	2.705230e-06	2.068852e-06
66            	2.462089e-02	4.123383e-03	4.721061e-05	1.115467e-03	3.085931e-06	2.359850e-06
67            	2.413241e-02	4.014133e-03	4.617316e-05	1.110288e-03	3.543926e-06	2.709644e-06
68            	2.352812e-02	3.887649e-03	4.505744e-05	1.107364e-03	3.529980e-06	2.699049e-06
69            	2.342616e-02	3.754906e-03	4.404842e-05	1.103446e-03	2.566768e-06	1.962745e-06
70            	2.276700e-02	3.617773e-03	4.297558e-05	1.100198e-03	2.576298e-06	1.970067e-06
71            	2.253463e-02	3.496935e-03	4.203276e-05	1.095808e-03	2.962878e-06	2.258437e-06
72            	2.220872e-02	3.388060e-03	4.103420e-05	1.092229e-03	3.260241e-06	2.499606e-06
73            	2.231635e-02	3.295834e-03	4.017149e-05	1.087982e-03	2.891869e-06	2.231691e-06
74            	2.194323e-02	3.207010e-03	3.923527e-05	1.084376e-03	2.211366e-06	1.715827e-06
75            	2.215298e-02	3.123665e-03	3.843794e-05	1.080312e-03	2.503905e-06	1.950476e-06
76            	2.190542e-02	3.038407e-03	3.754764e-05	1.078230e-03	2.926214e-06	2.288010e-06
77            	2.188395e-02	2.952500e-03	3.679616e-05	1.074760e-03	3.046807e-06	2.391176e-06
78            	2.176000e-02	2.870177e-03	3.595239e-05	1.073673e-03	2.335499e-06	1.839576e-06
79            	2.156022e-02	2.789060e-03	3.523513e-05	1.070075e-03	2.098608e-06	1.658151e-06
80            	2.145852e-02	2.715766e-03	3.444462e-05	1.067875e-03	2.409401e-06	1.909294e-06
81            	2.117573e-02	2.640211e-03	3.376563e-05	1.064126e-03	2.735920e-06	2.173764e-06
82            	2.116268e-02	2.575791e-03	3.304150e-05	1.060873e-03	2.598365e-06	2.069736e-06
83            	2.107575e-02	2.504239e-03	3.240940e-05	1.057538e-03	1.855136e-06	1.480977e-06
84            	2.108487e-02	2.446719e-03	3.173346e-05	1.054324e-03	2.018583e-06	1.614768e-06
85            	2.102571e-02	2.376702e-03	3.112250e-05	1.051568e-03	2.339989e-06	1.874919e-06
86            	2.105444e-02	2.320703e-03	3.046704e-05	1.048674e-03	2.508981e-06	2.013473e-06
87            	2.090686e-02	2.255255e-03	2.986456e-05	1.045866e-03	2.066739e-06	1.660819e-06
88            	2.075733e-02	2.201434e-03	2.924369e-05	1.043045e-03	1.682656e-06	1.353791e-06
89            	2.064495e-02	2.141599e-03	2.867568e-05	1.040009e-03	1.933156e-06	1.556391e-06
90            	2.056932e-02	2.089604e-03	2.810468e-05	1.035858e-03	2.240369e-06	1.804689e-06
91            	2.053066e-02	2.037571e-03	2.757027e-05	1.032377e-03	2.274844e-06	1.832596e-06
92            	2.038361e-02	1.988476e-03	2.703218e-05	1.029099e-03	1.605599e-06	1.293654e-06
93            	2.043497e-02	1.940200e-03	2.652089e-05	1.025809e-03	1.629202e-06	1.312222e-06
94            	2.043858e-02	1.894171e-03	2.600903e-05	1.022837e-03	1.886548e-06	1.518561e-06
95            	2.043401e-02	1.849848e-03	2.551809e-05	1.020244e-03	2.053328e-06	1.650973e-06
96            	2.041152e-02	1.806640e-03	2.503423e-05	1.016638e-03	1.777986e-06	1.427987e-06
97            	2.046342e-02	1.764713e-03	2.457041e-05	1.013420e-03	1.365695e-06	1.095169e-06
98            	2.043869e-02	1.723868e-03	2.411044e-05	1.009448e-03	1.549500e-06	1.240273e-06
99            	2.058793e-02	1.684170e-03	2.366651e-05	1.005787e-03	1.860494e-06	1.485848e-06
100           	2.060870e-02	1.647229e-03	2.322435e-05	1.002005e-03	1.924602e-06	1.533391e-06
101           	2.068919e-02	1.610599e-03	2.279544e-05	9.985696e-04	1.421798e-06	1.129941e-06
102           	2.077087e-02	1.575354e-03	2.236933e-05	9.948693e-04	1.325158e-06	1.050249e-06
103           	2.071332e-02	1.542100e-03	2.196099e-05	9.908315e-04	1.544345e-06	1.220109e-06
104           	2.070779e-02	1.508739e-03	2.155959e-05	9.869965e-04	1.735840e-06	1.367184e-06
105           	2.076312e-02	1.476175e-03	2.116827e-05	9.830443e-04	1.607154e-06	1.261652e-06
106           	2.097658e-02	1.443557e-03	2.078129e-05	9.785482e-04	1.180741e-06	9.238164e-07
107           	2.096599e-02	1.412436e-03	2.040331e-05	9.742944e-04	1.299195e-06	1.012922e-06
108           	2.107438e-02	1.381748e-03	2.003021e-05	9.700911e-04	1.535164e-06	1.192416e-06
109           	2.117647e-02	1.352020e-03	1.966766e-05	9.659226e-04	1.625097e-06	1.257396e-06
110           	2.115358e-02	1.323509e-03	1.930944e-05	9.616618e-04	1.299264e-06	1.001453e-06
111           	2.113754e-02	1.295562e-03	1.896112e-05	9.573452e-04	1.093482e-06	8.394552e-07
112           	2.122334e-02	1.268695e-03	1.861771e-05	9.527452e-04	1.280530e-06	9.788772e-07
113           	2.131980e-02	1.242647e-03	1.828343e-05	9.484266e-04	1.471200e-06	1.119905e-06
114           	2.130795e-02	1.216465e-03	1.795436e-05	9.445105e-04	1.425478e-06	1.080350e-06
115           	2.147005e-02	1.191149e-03	1.763169e-05	9.407408e-04	1.053327e-06	7.949381e-07
116           	2.149913e-02	1.165739e-03	1.731240e-05	9.362501e-04	1.081900e-06	8.128285e-07
117           	2.160061e-02	1.141103e-03	1.699953e-05	9.322968e-04	1.263295e-06	9.450074e-07
118           	2.164455e-02	1.116682e-03	1.669098e-05	9.282355e-04	1.378805e-06	1.026760e-06
119           	2.171028e-02	1.093208e-03	1.638837e-05	9.246402e-04	1.136610e-06	8.427877e-07
120           	2.185633e-02	1.070567e-03	1.609146e-05	9.206589e-04	9.077945e-07	6.702834e-07
121           	2.197313e-02	1.047533e-03	1.580175e-05	9.161262e-04	1.049716e-06	7.662628e-07
122           	2.203255e-02	1.025298e-03	1.551500e-05	9.120775e-04	1.240415e-06	9.021517e-07
123           	2.201697e-02	1.003059e-03	1.523284e-05	9.082333e-04	1.251011e-06	9.076406e-07
124           	2.198700e-02	9.818598e-04	1.495714e-05	9.045270e-04	9.366196e-07	6.773032e-07
125           	2.218844e-02	9.611150e-04	1.468579e-05	9.006211e-04	8.691878e-07	6.212095e-07
126           	2.217603e-02	9.471994e-04	1.441203e-05	8.954839e-04	1.029970e-06	7.282041e-07
127           	2.226050e-02	9.335735e-04	1.414277e-05	8.907616e-04	1.163434e-06	8.213127e-07
128           	2.240262e-02	9.176248e-04	1.388404e-05	8.864254e-04	1.016584e-06	7.166095e-07
129           	2.256096e-02	8.983722e-04	1.363435e-05	8.831291e-04	7.746007e-07	5.409822e-07
130           	2.251990e-02	8.785383e-04	1.338880e-05	8.806754e-04	8.609838e-07	6.011749e-07
131           	2.258606e-02	8.593072e-04	1.314367e-05	8.779691e-04	1.049476e-06	7.380320e-07
132           	2.263118e-02	8.423940e-04	1.290427e-05	8.744969e-04	1.079516e-06	7.578244e-07
133           	2.273936e-02	8.267706e-04	1.266786e-05	8.705749e-04	8.293021e-07	5.769082e-07
134           	2.284919e-02	8.123202e-04	1.243471e-05	8.670240e-04	7.170380e-07	4.986034e-07
135           	2.293479e-02	7.971142e-04	1.220439e-05	8.633539e-04	8.552651e-07	5.949449e-07
136           	2.302025e-02	7.819192e-04	1.197888e-05	8.599548e-04	1.005224e-06	7.049222e-07
137           	2.315408e-02	7.663370e-04	1.175831e-05	8.562791e-04	9.310369e-07	6.514701e-07
138           	2.331173e-02	7.514885e-04	1.154411e-05	8.522860e-04	6.636129e-07	4.565693e-07
139           	2.333953e-02	7.367387e-04	1.132920e-05	8.486953e-04	6.974048e-07	4.798287e-07
140           	2.349858e-02	7.228442e-04	1.111834e-05	8.444374e-04	8.446672e-07	5.822557e-07
141           	2.357088e-02	7.091420e-04	1.091111e-05	8.404305e-04	9.310944e-07	6.471831e-07
142           	2.365150e-02	6.959582e-04	1.071251e-05	8.356006e-04	7.129026e-07	4.874859e-07
143           	2.378553e-02	6.828637e-04	1.051600e-05	8.308143e-04	5.752195e-07	3.936585e-07
144           	2.394822e-02	6.701403e-04	1.032338e-05	8.265574e-04	6.783360e-07	4.647431e-07
145           	2.400623e-02	6.575658e-04	1.013372e-05	8.219954e-04	8.331683e-07	5.715532e-07
146           	2.427129e-02	6.452068e-04	9.946785e-06	8.172905e-04	8.360382e-07	5.738238e-07
147           	2.451649e-02	6.328751e-04	9.762841e-06	8.122431e-04	5.784146e-07	3.971055e-07
148           	2.648432e-02	6.212438e-04	9.582720e-06	8.070991e-04	5.478438e-07	3.753090e-07
149           	2.691550e-02	6.065382e-04	9.388824e-06	7.803863e-04	6.560316e-07	4.439067e-07
150           	2.563250e-02	5.920978e-04	9.212316e-06	7.480288e-04	7.460324e-07	5.052851e-07
151           	2.408817e-02	5.793690e-04	9.046355e-06	7.256061e-04	6.179112e-07	4.192454e-07
152           	2.315891e-02	5.687756e-04	8.876890e-06	7.144088e-04	4.623331e-07	3.095906e-07
153           	2.277351e-02	5.604898e-04	8.733931e-06	7.193803e-04	5.256621e-07	3.590418e-07
154           	2.263014e-02	5.525386e-04	8.599249e-06	7.265635e-04	6.486562e-07	4.363962e-07
155           	2.258805e-02	5.432921e-04	8.456441e-06	7.267001e-04	7.041408e-07	4.734830e-07
156           	2.231265e-02	5.327513e-04	8.296561e-06	7.162237e-04	4.880659e-07	3.235944e-07
157           	2.213370e-02	5.223959e-04	8.150873e-06	7.050016e-04	4.347171e-07	2.900846e-07
158           	2.201670e-02	5.123527e-04	8.007917e-06	6.936978e-04	5.220358e-07	3.552086e-07
159           	2.198419e-02	5.031009e-04	7.872240e-06	6.844389e-04	6.204467e-07	4.158484e-07
160           	2.186707e-02	4.945918e-04	7.737828e-06	6.781511e-04	5.790373e-07	3.876071e-07
161           	2.183213e-02	4.864134e-04	7.606095e-06	6.740325e-04	3.966393e-07	2.615661e-07
162           	2.186519e-02	4.778007e-04	7.462389e-06	6.670912e-04	4.284395e-07	2.843232e-07
163           	2.208391e-02	4.698179e-04	7.340355e-06	6.639212e-04	5.320659e-07	3.599921e-07
164           	2.214295e-02	4.618958e-04	7.224501e-06	6.586914e-04	5.826097e-07	3.879753e-07
165           	2.223830e-02	4.539036e-04	7.104734e-06	6.519915e-04	4.392221e-07	2.881225e-07
166           	2.222920e-02	4.453885e-04	6.968772e-06	6.425988e-04	3.553635e-07	2.346567e-07
167           	2.246608e-02	4.378209e-04	6.851662e-06	6.373248e-04	4.281462e-07	2.843343e-07
168           	2.247146e-02	4.304627e-04	6.736730e-06	6.323218e-04	5.310242e-07	3.597021e-07
169           	2.270260e-02	4.231891e-04	6.625602e-06	6.267380e-04	5.387877e-07	3.587205e-07
170           	2.281042e-02	4.157227e-04	6.503646e-06	6.184236e-04	3.525718e-07	2.278666e-07
171           	2.304372e-02	4.089795e-04	6.395424e-06	6.147413e-04	3.503125e-07	2.280633e-07
172           	2.308989e-02	4.022077e-04	6.277866e-06	6.083584e-04	4.334914e-07	2.844782e-07
173           	2.333477e-02	3.956544e-04	6.178384e-06	6.055594e-04	5.067862e-07	3.346903e-07
174           	2.351565e-02	3.889492e-04	6.078075e-06	6.016135e-04	4.248603e-07	2.820069e-07
175           	2.377677e-02	3.818594e-04	5.965016e-06	5.939169e-04	3.111878e-07	2.075462e-07
176           	2.393655e-02	3.750486e-04	5.858264e-06	5.865065e-04	3.551567e-07	2.319885e-07
177           	2.411485e-02	3.688317e-04	5.765429e-06	5.842763e-04	4.485449e-07	2.949295e-07
178           	2.427369e-02	3.623841e-04	5.661345e-06	5.788089e-04	4.985755e-07	3.301996e-07
179           	2.451011e-02	3.560724e-04	5.560918e-06	5.738807e-04	3.350840e-07	2.232205e-07
180           	2.481873e-02	3.504290e-04	5.473800e-06	5.726670e-04	2.956104e-07	1.976273e-07
181           	2.519981e-02	3.440663e-04	5.374272e-06	5.675552e-04	3.584029e-07	2.342256e-07
182           	2.521841e-02	3.376568e-04	5.274736e-06	5.629785e-04	4.313904e-07	2.837752e-07
183           	2.539060e-02	3.317354e-04	5.182274e-06	5.589330e-04	4.082197e-07	2.704423e-07
184           	2.545246e-02	3.262262e-04	5.104652e-06	5.574216e-04	2.803924e-07	1.812617e-07
185           	2.568510e-02	3.206177e-04	5.009363e-06	5.513292e-04	3.098997e-07	2.104053e-07
186           	2.579173e-02	3.152139e-04	4.923461e-06	5.439771e-04	3.815722e-07	2.526633e-07
187           	2.595587e-02	3.100887e-04	4.836381e-06	5.385997e-04	4.224928e-07	2.811110e-07
188           	2.618425e-02	3.048837e-04	4.752387e-06	5.347362e-04	3.076403e-07	2.057390e-07
189           	2.643829e-02	3.001623e-04	4.680318e-06	5.340831e-04	2.531365e-07	1.605961e-07
190           	2.635206e-02	2.949966e-04	4.592166e-06	5.295888e-04	3.115169e-07	2.078983e-07
191           	2.635638e-02	2.898820e-04	4.513621e-06	5.224184e-04	3.773844e-07	2.463355e-07
192           	2.652876e-02	2.850080e-04	4.435857e-06	5.164509e-04	3.878416e-07	2.548706e-07
193           	2.663952e-02	2.803866e-04	4.359508e-06	5.118524e-04	2.540095e-07	1.630269e-07
194           	2.705801e-02	2.761052e-04	4.280370e-06	5.102858e-04	2.669450e-07	1.748287e-07
195           	2.741353e-02	2.717842e-04	4.202560e-06	5.091473e-04	3.295716e-07	2.267654e-07
196           	2.725984e-02	2.678028e-04	4.130793e-06	5.076792e-04	3.689524e-07	2.540903e-07
197           	2.743968e-02	2.632060e-04	4.060347e-06	5.055739e-04	2.907431e-07	2.002085e-07
198           	2.720437e-02	2.586247e-04	3.991182e-06	5.029204e-04	2.149487e-07	1.396456e-07
199           	2.687047e-02	2.535144e-04	3.916786e-06	5.007539e-04	2.626638e-07	1.738202e-07
200           	2.629889e-02	2.483760e-04	3.844904e-06	4.985173e-04	3.294434e-07	2.291876e-07
201           	2.588194e-02	2.434842e-04	3.779807e-06	4.954589e-04	3.493339e-07	2.433500e-07
202           	2.515133e-02	2.391338e-04	3.714957e-06	4.930285e-04	2.301657e-07	1.553543e-07
203           	2.469932e-02	2.352145e-04	3.646438e-06	4.916299e-04	2.149511e-07	1.470806e-07
204           	2.407626e-02	2.313039e-04	3.578290e-06	4.896819e-04	2.679659e-07	1.860674e-07
205           	2.362172e-02	2.276569e-04	3.512021e-06	4.874579e-04	3.173604e-07	2.307943e-07
206           	2.291826e-02	2.241711e-04	3.452696e-06	4.839740e-04	2.766447e-07	1.950712e-07
207           	2.254471e-02	2.209700e-04	3.393183e-06	4.805441e-04	1.879068e-07	1.247887e-07
208           	2.187468e-02	2.175903e-04	3.328966e-06	4.786054e-04	2.142631e-07	1.444666e-07
209           	2.158883e-02	2.140493e-04	3.266326e-06	4.767918e-04	2.651983e-07	1.876194e-07
210           	2.092674e-02	2.102970e-04	3.209491e-06	4.734912e-04	2.834594e-07	1.950163e-07
211           	2.069786e-02	2.066080e-04	3.153690e-06	4.709684e-04	2.033043e-07	1.319439e-07
212           	2.018639e-02	2.027735e-04	3.093229e-06	4.691821e-04	1.740118e-07	1.148445e-07
213           	1.990266e-02	1.993254e-04	3.037990e-06	4.671110e-04	2.180370e-07	1.395397e-07
214           	1.940280e-02	1.960797e-04	2.980217e-06	4.651569e-04	2.707303e-07	1.770118e-07
215           	1.917230e-02	1.928819e-04	2.924434e-06	4.638443e-04	2.739839e-07	1.828448e-07
216           	1.870966e-02	1.896507e-04	2.869381e-06	4.617859e-04	1.812899e-07	1.232946e-07
217           	1.841720e-02	1.866383e-04	2.816240e-06	4.603681e-04	1.874808e-07	1.296828e-07
218           	1.782064e-02	1.834792e-04	2.762457e-06	4.577790e-04	2.332077e-07	1.640072e-07
219           	1.765708e-02	1.806845e-04	2.711160e-06	4.569147e-04	2.543621e-07	1.877147e-07
220           	1.692286e-02	1.775956e-04	2.663405e-06	4.535397e-04	1.939374e-07	1.345056e-07
221           	1.671378e-02	1.747034e-04	2.612240e-06	4.530204e-04	1.489665e-07	1.047215e-07
222           	1.615529e-02	1.716978e-04	2.562622e-06	4.495716e-04	1.788940e-07	1.216108e-07
223           	1.592481e-02	1.688988e-04	2.515281e-06	4.480439e-04	2.286711e-07	1.508849e-07
224           	1.546474e-02	1.660016e-04	2.465329e-06	4.450353e-04	2.469893e-07	1.665153e-07
225           	1.534494e-02	1.632973e-04	2.418068e-06	4.439710e-04	1.595819e-07	1.097843e-07
226           	1.470018e-02	1.605380e-04	2.373581e-06	4.404992e-04	1.508739e-07	1.005680e-07
227           	1.446096e-02	1.579402e-04	2.330105e-06	4.389062e-04	1.867799e-07	1.210071e-07
228           	1.397602e-02	1.553217e-04	2.284048e-06	4.364155e-04	2.191811e-07	1.454022e-07
229           	1.385892e-02	1.528361e-04	2.239582e-06	4.354890e-04	1.924287e-07	1.305014e-07
230           	1.337368e-02	1.502908e-04	2.195552e-06	4.329673e-04	1.410295e-07	9.181308e-08
231           	1.331389e-02	1.478329e-04	2.147362e-06	4.332388e-04	1.660672e-07	1.207020e-07
232           	1.264895e-02	1.454744e-04	2.112707e-06	4.314561e-04	2.041313e-07	1.432919e-07
233           	1.247887e-02	1.430335e-04	2.070207e-06	4.278730e-04	2.223641e-07	1.590072e-07
234           	1.205300e-02	1.406281e-04	2.028301e-06	4.238358e-04	1.491071e-07	1.087330e-07
235           	1.185924e-02	1.382320e-04	1.989507e-06	4.211821e-04	1.339431e-07	8.882642e-08
236           	1.149814e-02	1.359632e-04	1.944145e-06	4.205646e-04	1.692182e-07	1.249327e-07
237           	1.126036e-02	1.338146e-04	1.912890e-06	4.202825e-04	1.967585e-07	1.412199e-07
238           	1.095477e-02	1.315037e-04	1.873905e-06	4.164807e-04	1.849220e-07	1.356549e-07
239           	1.077957e-02	1.292388e-04	1.836479e-06	4.135517e-04	1.270168e-07	8.897176e-08
240           	1.054450e-02	1.443898e-04	1.807099e-06	4.707677e-04	2.355829e-09	1.760494e-09
241           	1.039725e-02	2.803147e-04	1.839108e-06	1.636730e-03	5.535879e-08	3.890605e-08
242           	1.018666e-02	1.366557e-04	1.717538e-06	5.169962e-04	1.428846e-07	1.035784e-07
243           	1.004603e-02	1.219911e-04	1.682841e-06	4.118431e-04	1.886010e-07	1.336318e-07
244           	9.582590e-03	1.187702e-04	1.647197e-06	3.994924e-04	1.993731e-07	1.455202e-07
245           	9.330424e-03	1.165439e-04	1.615203e-06	3.977898e-04	5.738036e-08	4.021751e-08
246           	9.116828e-03	1.156104e-04	1.585328e-06	3.992562e-04	1.514517e-07	1.093345e-07
247           	8.815843e-03	1.121348e-04	1.558633e-06	3.938898e-04	1.261507e-07	8.375059e-08
248           	8.648149e-03	1.099604e-04	1.522730e-06	3.931972e-04	1.505936e-07	1.139729e-07
249           	8.394738e-03	1.080160e-04	1.496791e-06	3.888537e-04	1.765578e-07	1.309424e-07
250           	8.012419e-03	1.060777e-04	1.468642e-06	3.843518e-04	1.747204e-07	1.265203e-07
251           	7.749344e-03	1.041950e-04	1.440858e-06	3.806444e-04	1.207042e-07	7.982532e-08
252           	7.470808e-03	1.024090e-04	1.402863e-06	3.792865e-04	1.247358e-07	9.511920e-08
253           	7.315916e-03	1.006341e-04	1.372770e-06	3.794878e-04	1.518534e-07	1.271242e-07
254           	7.040961e-03	9.884568e-05	1.350841e-06	3.751063e-04	1.650308e-07	1.338783e-07
255           	6.679871e-03	9.704926e-05	1.328819e-06	3.705793e-04	1.349613e-07	1.040080e-07
256           	6.398945e-03	9.519675e-05	1.303841e-06	3.664578e-04	9.792340e-08	6.992602e-08
257           	6.160033e-03	9.340765e-05	1.273253e-06	3.629345e-04	1.067574e-07	7.349669e-08
258           	5.967123e-03	9.173293e-05	1.243382e-06	3.637665e-04	1.212550e-07	1.729977e-07
259           	5.721882e-03	9.009231e-05	1.222336e-06	3.599018e-04	1.420060e-07	1.931593e-07
260           	5.484184e-03	8.847639e-05	1.200252e-06	3.555552e-04	1.501591e-07	1.761466e-07
261           	5.240016e-03	8.688850e-05	1.178976e-06	3.517523e-04	1.047474e-07	7.877234e-08
262           	5.053976e-03	8.533234e-05	1.150987e-06	3.506764e-04	9.077634e-08	2.558260e-07
263           	4.846552e-03	8.375139e-05	1.133025e-06	3.454593e-04	8.796816e-08	3.522161e-07
264           	4.696058e-03	8.216487e-05	1.113206e-06	3.409562e-04	8.712698e-08	5.903269e-07
265           	4.523715e-03	8.059632e-05	1.094056e-06	3.374021e-04	8.745312e-08	9.719703e-07
266           	4.358922e-03	7.907567e-05	1.073874e-06	3.347065e-04	8.887906e-08	1.529891e-06
267           	4.196581e-03	7.766797e-05	1.055631e-06	3.325176e-04	9.034641e-08	2.223701e-06
268           	4.009384e-03	7.628379e-05	1.036462e-06	3.294773e-04	9.357871e-08	1.876663e-06
269           	3.827846e-03	7.495937e-05	1.019133e-06	3.263778e-04	9.617482e-08	7.371134e-06
270           	3.654186e-03	7.365426e-05	1.000734e-06	3.229981e-04	1.008080e-07	3.472633e-06
271           	4.992795e-03	7.245292e-05	9.794755e-07	3.219636e-04	1.128634e-07	2.869671e-06
272           	5.278553e-03	6.973663e-05	9.701828e-07	2.549036e-04	1.298589e-07	8.664751e-07
273           	4.499477e-03	6.725120e-05	9.574978e-07	1.858320e-04	1.173711e-07	2.243317e-06
274           	3.616139e-03	6.540770e-05	9.440755e-07	1.526101e-04	7.690241e-08	3.277821e-07
275           	3.318578e-03	6.399949e-05	9.322672e-07	1.457260e-04	7.836560e-08	4.858898e-08
276           	3.048601e-03	6.295816e-05	9.203611e-07	1.591767e-04	8.198670e-08	5.027349e-08
277           	2.623606e-03	6.219244e-05	9.107677e-07	1.854015e-04	8.554349e-08	5.195019e-08
278           	2.423832e-03	6.144941e-05	9.034876e-07	2.051054e-04	8.914106e-08	5.361591e-08
279           	2.490523e-03	6.050601e-05	8.977400e-07	2.068864e-04	9.269553e-08	5.525846e-08
280           	2.437963e-03	5.929369e-05	8.910541e-07	1.935401e-04	9.625079e-08	5.686790e-08
281           	2.273913e-03	5.797119e-05	8.832025e-07	1.773483e-04	9.972699e-08	5.844027e-08
282           	2.115188e-03	5.668393e-05	8.743248e-07	1.670218e-04	1.031873e-07	5.997239e-08
283           	2.045593e-03	5.564036e-05	8.607980e-07	1.666422e-04	1.088786e-07	4.730219e-07
284           	1.996034e-03	5.462990e-05	8.524544e-07	1.707005e-04	1.286821e-07	4.987359e-07
285           	1.978618e-03	5.369775e-05	8.443818e-07	1.758199e-04	1.376171e-07	3.539879e-07
286           	1.953353e-03	5.278658e-05	8.363213e-07	1.783508e-04	9.736518e-08	1.148459e-07
287           	1.924385e-03	5.180381e-05	8.306069e-07	1.762515e-04	9.797868e-08	4.111207e-08
288           	1.901996e-03	5.085394e-05	8.222669e-07	1.734351e-04	1.016856e-07	4.275041e-08
289           	1.884103e-03	4.997457e-05	8.115334e-07	1.715683e-04	8.063202e-08	3.568227e-07
290           	1.850597e-03	4.899104e-05	8.058182e-07	1.673834e-04	7.845941e-08	5.480318e-07
291           	1.839871e-03	4.804302e-05	7.996949e-07	1.651790e-04	7.731812e-08	9.895057e-07
292           	1.820102e-03	4.715939e-05	7.928369e-07	1.644979e-04	7.677971e-08	1.797240e-06
293           	1.814939e-03	4.632562e-05	7.857030e-07	1.645245e-04	7.700055e-08	3.182064e-06
294           	1.788349e-03	4.553735e-05	7.774981e-07	1.636951e-04	7.786707e-08	5.247429e-06
295           	1.783885e-03	4.473107e-05	7.707174e-07	1.632724e-04	7.990404e-08	7.054541e-06
296           	1.762882e-03	4.392487e-05	7.636775e-07	1.620350e-04	8.292909e-08	3.855841e-06
297           	1.756769e-03	4.314390e-05	7.562396e-07	1.600768e-04	8.074234e-08	3.028404e-05
298           	1.755795e-03	4.235097e-05	7.499412e-07	1.591998e-04	8.380672e-08	5.422867e-06
299           	1.740466e-03	4.158301e-05	7.436931e-07	1.584676e-04	8.313077e-08	8.312411e-06
300           	1.756032e-03	4.085964e-05	7.364340e-07	1.571245e-04	8.720715e-08	9.107939e-06
301           	1.751627e-03	4.013793e-05	7.303385e-07	1.569064e-04	8.572038e-08	1.180257e-05
302           	1.755910e-03	3.945793e-05	7.231640e-07	1.559824e-04	8.992985e-08	7.021593e-06
303           	1.750607e-03	3.876970e-05	7.171844e-07	1.560026e-04	9.153635e-08	1.116172e-05
304           	1.754304e-03	3.811441e-05	7.100452e-07	1.550438e-04	9.442927e-08	1.427300e-05
305           	1.763831e-03	3.745449e-05	7.041938e-07	1.549044e-04	9.883159e-08	9.770871e-06
306           	1.765363e-03	3.682626e-05	6.972423e-07	1.538359e-04	9.660134e-08	3.995323e-05
307           	1.776238e-03	3.619515e-05	6.913868e-07	1.535744e-04	1.027532e-07	1.178569e-05
308           	1.832193e-03	3.565858e-05	6.807029e-07	1.546092e-04	1.136909e-07	8.191484e-06
309           	1.918148e-03	3.506004e-05	6.724787e-07	1.553521e-04	1.339265e-07	3.945912e-06
310           	1.967780e-03	3.442245e-05	6.650518e-07	1.552959e-04	1.296162e-07	5.552684e-06
311           	1.956013e-03	3.378716e-05	6.583286e-07	1.546883e-04	8.422733e-08	7.457295e-07
312           	1.876380e-03	3.312672e-05	6.535777e-07	1.526265e-04	8.473679e-08	7.494978e-07
313           	1.863112e-03	3.257575e-05	6.479448e-07	1.507710e-04	8.628778e-08	1.325967e-06
314           	1.895584e-03	3.208983e-05	6.418007e-07	1.504025e-04	8.893021e-08	2.412650e-06
315           	1.901048e-03	3.164258e-05	6.356900e-07	1.507446e-04	9.385422e-08	4.259897e-06
316           	1.897062e-03	3.118666e-05	6.294295e-07	1.510313e-04	9.839160e-08	7.720714e-06
317           	1.897349e-03	3.071544e-05	6.235518e-07	1.506827e-04	1.037869e-07	1.104611e-05
318           	1.944687e-03	3.027312e-05	6.150170e-07	1.514489e-04	9.679230e-08	3.950379e-06
319           	1.969411e-03	2.973169e-05	6.098795e-07	1.492023e-04	9.411646e-08	1.154129e-05
320           	1.964652e-03	2.919677e-05	6.046118e-07	1.474476e-04	9.821122e-08	5.137764e-06
321           	1.973806e-03	2.872682e-05	5.995878e-07	1.465603e-04	9.990367e-08	6.768519e-06
322           	2.004436e-03	2.829658e-05	5.941778e-07	1.464679e-04	1.022330e-07	7.588637e-06
323           	2.013426e-03	2.796117e-05	5.862206e-07	1.483193e-04	1.139916e-07	9.221757e-06
324           	2.092397e-03	2.757569e-05	5.789087e-07	1.490881e-04	1.270427e-07	1.899135e-06
325           	2.156565e-03	2.714391e-05	5.725835e-07	1.486428e-04	1.017265e-07	1.915087e-06
326           	2.184333e-03	2.667732e-05	5.664720e-07	1.475718e-04	7.429361e-08	1.248879e-06
327           	2.137829e-03	2.618355e-05	5.623278e-07	1.453150e-04	7.490607e-08	2.243470e-06
328           	2.132800e-03	2.575575e-05	5.578692e-07	1.444542e-04	7.658927e-08	3.875400e-06
329           	2.171624e-03	2.541356e-05	5.530593e-07	1.444628e-04	7.878194e-08	6.148737e-06
330           	2.178097e-03	2.510455e-05	5.477076e-07	1.446152e-04	8.281433e-08	8.859185e-06
331           	2.184226e-03	2.481613e-05	5.423204e-07	1.443576e-04	8.624106e-08	1.213863e-05
332           	2.188247e-03	2.449223e-05	5.367937e-07	1.436334e-04	8.402270e-08	1.202038e-05
333           	2.200912e-03	2.415746e-05	5.315760e-07	1.425049e-04	8.374610e-08	1.721908e-05
334           	2.227032e-03	2.379658e-05	5.263468e-07	1.413695e-04	8.911973e-08	1.049395e-05
335           	2.251212e-03	2.345799e-05	5.214231e-07	1.404984e-04	9.104342e-08	1.371657e-05
336           	2.277257e-03	2.312579e-05	5.165452e-07	1.399112e-04	9.333313e-08	1.555655e-05
337           	2.313025e-03	2.283101e-05	5.119400e-07	1.396258e-04	8.596051e-08	2.072705e-05
338           	2.333776e-03	2.253608e-05	5.072932e-07	1.393618e-04	9.025941e-08	8.579868e-06
339           	2.370843e-03	2.226806e-05	5.028501e-07	1.390349e-04	9.322091e-08	1.231626e-05
340           	2.382367e-03	2.198569e-05	4.983208e-07	1.386484e-04	9.809302e-08	1.477331e-05
341           	2.418271e-03	2.171554e-05	4.938935e-07	1.380901e-04	9.668532e-08	1.655908e-05
342           	2.429828e-03	2.144055e-05	4.893785e-07	1.377075e-04	9.201214e-08	2.282457e-05
343           	2.463917e-03	2.117800e-05	4.850069e-07	1.371903e-04	9.759510e-08	1.036019e-05
344           	2.485169e-03	2.091500e-05	4.805828e-07	1.368996e-04	9.994439e-08	1.399603e-05
345           	2.522559e-03	2.067189e-05	4.762584e-07	1.365175e-04	1.040971e-07	1.621208e-05
346           	2.587219e-03	2.046684e-05	4.690052e-07	1.384016e-04	1.036009e-07	1.454342e-05
347           	2.693694e-03	2.021532e-05	4.630595e-07	1.390226e-04	1.262628e-07	3.786485e-06
348           	2.757053e-03	1.989969e-05	4.579622e-07	1.386089e-04	1.331224e-07	3.510411e-06
349           	2.784756e-03	1.958583e-05	4.533860e-07	1.378428e-04	8.559989e-08	2.906691e-06
350           	2.735882e-03	1.925625e-05	4.504725e-07	1.359113e-04	8.707455e-08	4.030074e-06
351           	2.755325e-03	1.902259e-05	4.473397e-07	1.352956e-04	9.013314e-08	6.882333e-06
352           	2.795715e-03	1.885868e-05	4.436620e-07	1.354879e-04	9.579659e-08	1.147541e-05
353           	2.822175e-03	1.874956e-05	4.396866e-07	1.357020e-04	1.007367e-07	1.696267e-05
354           	2.802484e-03	1.866561e-05	4.337167e-07	1.376772e-04	8.619883e-08	8.727783e-06
355           	2.854827e-03	1.847864e-05	4.298283e-07	1.361819e-04	8.255225e-08	9.063344e-06
356           	2.892660e-03	1.823960e-05	4.258680e-07	1.344387e-04	8.315505e-08	4.401014e-06
357           	2.916820e-03	1.802894e-05	4.221211e-07	1.330264e-04	8.545612e-08	5.040656e-06
358           	2.953948e-03	1.783838e-05	4.182753e-07	1.322724e-04	8.772197e-08	6.034910e-06
359           	2.990821e-03	1.769657e-05	4.147353e-07	1.321777e-04	8.693891e-08	7.262636e-06
360           	3.034474e-03	1.756918e-05	4.109809e-07	1.321777e-04	8.368453e-08	8.486158e-06
361           	3.070005e-03	1.745372e-05	4.075976e-07	1.322979e-04	8.627257e-08	4.222055e-06
362           	3.115294e-03	1.731972e-05	4.039820e-07	1.320290e-04	8.817523e-08	5.608860e-06
363           	3.151613e-03	1.719041e-05	4.007370e-07	1.316439e-04	9.064114e-08	6.227829e-06
364           	3.204962e-03	1.703833e-05	3.972425e-07	1.310432e-04	8.790210e-08	8.464967e-06
365           	3.251497e-03	1.690682e-05	3.940982e-07	1.305842e-04	8.782316e-08	4.611798e-06
366           	3.306217e-03	1.677077e-05	3.906660e-07	1.302687e-04	9.117924e-08	5.005855e-06
367           	3.353023e-03	1.665299e-05	3.876280e-07	1.302140e-04	9.349605e-08	6.345156e-06
368           	3.412345e-03	1.654486e-05	3.842758e-07	1.302094e-04	9.425720e-08	7.624485e-06
369           	3.462583e-03	1.643862e-05	3.813684e-07	1.302159e-04	9.075732e-08	1.033807e-05
370           	3.524792e-03	1.633641e-05	3.782134e-07	1.300644e-04	9.357466e-08	6.637775e-06
371           	3.588734e-03	1.623828e-05	3.752755e-07	1.301070e-04	9.659413e-08	1.000590e-05
372           	3.644205e-03	1.612898e-05	3.724226e-07	1.299983e-04	1.020602e-07	1.396734e-05
373           	3.751438e-03	1.607751e-05	3.669916e-07	1.324890e-04	1.127010e-07	1.081456e-05
374           	3.865002e-03	1.593822e-05	3.628302e-07	1.334261e-04	1.262342e-07	9.315307e-06
375           	3.989458e-03	1.578147e-05	3.592192e-07	1.332935e-04	1.100436e-07	2.207245e-06
376           	4.036531e-03	1.559849e-05	3.560747e-07	1.328482e-04	7.447375e-08	1.769943e-06
377           	4.045876e-03	1.541791e-05	3.544460e-07	1.309416e-04	7.554229e-08	3.075012e-06
378           	4.104079e-03	1.533453e-05	3.523440e-07	1.307578e-04	7.813770e-08	5.878195e-06
379           	4.183467e-03	1.529491e-05	3.503798e-07	1.310462e-04	8.240842e-08	9.937642e-06
380           	4.263736e-03	1.531228e-05	3.475125e-07	1.318732e-04	9.098674e-08	1.703829e-05
381           	4.289963e-03	1.531862e-05	3.450246e-07	1.325820e-04	9.079034e-08	2.601476e-05
382           	4.359179e-03	1.528750e-05	3.419241e-07	1.325365e-04	9.671289e-08	2.909557e-05
383           	4.410667e-03	1.526105e-05	3.392009e-07	1.322345e-04	8.372066e-08	4.229671e-05
384           	4.485802e-03	1.516843e-05	3.362315e-07	1.311378e-04	9.008271e-08	2.018188e-05
385           	4.557931e-03	1.509683e-05	3.336651e-07	1.308375e-04	9.369639e-08	2.619903e-05
386           	4.628573e-03	1.502994e-05	3.311283e-07	1.305183e-04	9.902827e-08	3.213044e-05
387           	4.698208e-03	1.497246e-05	3.290289e-07	1.308051e-04	9.786884e-08	3.564399e-05
388           	4.784037e-03	1.493372e-05	3.266043e-07	1.311457e-04	8.841272e-08	5.089442e-05
389           	4.845368e-03	1.488945e-05	3.247056e-07	1.315238e-04	9.739050e-08	1.969158e-05
390           	4.930243e-03	1.483714e-05	3.224823e-07	1.319065e-04	9.686270e-08	2.881154e-05
391           	4.994091e-03	1.479721e-05	3.205498e-07	1.321645e-04	1.029247e-07	3.355618e-05
392           	5.073620e-03	1.474702e-05	3.166200e-07	1.345429e-04	9.046300e-08	2.067484e-05
393           	5.170808e-03	1.466430e-05	3.147143e-07	1.332281e-04	9.396375e-08	6.861878e-06
394           	5.212505e-03	1.453537e-05	3.128489e-07	1.321142e-04	9.610455e-08	7.776047e-06
395           	5.291108e-03	1.447786e-05	3.110586e-07	1.318207e-04	9.813931e-08	9.034682e-06
396           	5.353029e-03	1.439295e-05	3.090467e-07	1.321563e-04	9.756482e-08	9.802086e-06
397           	5.419190e-03	1.435337e-05	3.071733e-07	1.324876e-04	9.371682e-08	1.864968e-05
398           	5.494280e-03	1.431077e-05	3.048969e-07	1.331380e-04	9.808701e-08	6.133961e-06
399           	5.547305e-03	1.429728e-05	3.029161e-07	1.335843e-04	9.761820e-08	8.583437e-06
400           	5.614052e-03	1.420289e-05	3.008150e-07	1.341231e-04	9.985496e-08	9.659259e-06
401           	5.693641e-03	1.415777e-05	2.987991e-07	1.343897e-04	9.573099e-08	1.115283e-05
402           	5.739930e-03	1.407214e-05	2.969270e-07	1.341264e-04	9.735133e-08	1.396018e-05
403           	5.831656e-03	1.397402e-05	2.948268e-07	1.340447e-04	1.014072e-07	7.288874e-06
404           	5.896563e-03	1.395180e-05	2.908645e-07	1.363268e-04	1.156799e-07	5.429199e-06
405           	6.027035e-03	1.381386e-05	2.881764e-07	1.380603e-04	1.210415e-07	5.727009e-06
406           	6.128719e-03	1.374272e-05	2.856256e-07	1.384831e-04	8.342913e-08	1.800616e-06
407           	6.138094e-03	1.357396e-05	2.849055e-07	1.363011e-04	8.464472e-08	2.867345e-06
408           	6.191595e-03	1.349334e-05	2.833063e-07	1.352507e-04	8.737702e-08	4.728222e-06
409           	6.248607e-03	1.342929e-05	2.822464e-07	1.351736e-04	9.258427e-08	6.247829e-06
410           	6.320633e-03	1.335387e-05	2.804030e-07	1.359788e-04	9.805467e-08	1.345548e-05
411           	6.372386e-03	1.341738e-05	2.786649e-07	1.369702e-04	9.514142e-08	1.144598e-05
412           	6.378731e-03	1.332233e-05	2.767528e-07	1.377288e-04	9.985611e-08	1.719612e-05
413           	6.473446e-03	1.331764e-05	2.745211e-07	1.380563e-04	1.070276e-07	2.110609e-05
414           	6.525134e-03	1.326428e-05	2.714544e-07	1.407143e-04	7.526531e-08	1.319015e-05
415           	6.623673e-03	1.315680e-05	2.697352e-07	1.391687e-04	7.262323e-08	6.508481e-06
416           	6.666356e-03	1.309876e-05	2.680250e-07	1.378954e-04	7.447338e-08	3.858774e-06
417           	6.696832e-03	1.296554e-05	2.666192e-07	1.370976e-04	7.640193e-08	4.785758e-06
418           	6.784251e-03	1.298275e-05	2.649356e-07	1.368838e-04	7.816493e-08	5.662796e-06
419           	6.792849e-03	1.285729e-05	2.636025e-07	1.375470e-04	7.533490e-08	8.062933e-06
420           	6.900291e-03	1.288504e-05	2.618987e-07	1.380421e-04	7.405138e-08	4.038784e-06
421           	6.900978e-03	1.282124e-05	2.604447e-07	1.391392e-04	7.516238e-08	4.235819e-06
422           	6.987456e-03	1.278237e-05	2.588584e-07	1.392623e-04	7.699034e-08	5.208416e-06
423           	7.022896e-03	1.274097e-05	2.570598e-07	1.398123e-04	7.699304e-08	5.972777e-06
424           	7.088286e-03	1.267503e-05	2.555132e-07	1.396018e-04	7.439317e-08	7.628353e-06
425           	7.146888e-03	1.264377e-05	2.539044e-07	1.394820e-04	7.609944e-08	3.644140e-06
426           	7.182478e-03	1.253739e-05	2.523278e-07	1.392419e-04	7.844973e-08	4.625088e-06
427           	7.245796e-03	1.257992e-05	2.508625e-07	1.392183e-04	8.069063e-08	5.679488e-06
428           	7.276251e-03	1.243568e-05	2.493513e-07	1.394854e-04	7.854218e-08	7.533480e-06
429           	7.363753e-03	1.248415e-05	2.479436e-07	1.399260e-04	7.672555e-08	4.215520e-06
430           	7.376501e-03	1.233971e-05	2.463647e-07	1.402268e-04	7.808202e-08	4.145053e-06
431           	7.466603e-03	1.239681e-05	2.450518e-07	1.407744e-04	8.000903e-08	4.988497e-06
432           	7.467023e-03	1.227782e-05	2.435331e-07	1.409515e-04	8.115204e-08	5.799493e-06
433           	7.562561e-03	1.227037e-05	2.421652e-07	1.414581e-04	7.818483e-08	8.703168e-06
434           	7.590246e-03	1.225522e-05	2.408613e-07	1.416896e-04	7.899933e-08	4.960484e-06
435           	7.660630e-03	1.217454e-05	2.395579e-07	1.416690e-04	8.123939e-08	4.568973e-06
436           	7.715730e-03	1.220388e-05	2.382468e-07	1.419565e-04	8.404813e-08	5.685312e-06
437           	7.732671e-03	1.209123e-05	2.367613e-07	1.418382e-04	8.257610e-08	7.293122e-06
438           	7.813964e-03	1.212882e-05	2.355848e-07	1.424208e-04	8.006043e-08	6.316327e-06
439           	7.825969e-03	1.201070e-05	2.341821e-07	1.425143e-04	8.174633e-08	4.413826e-06
440           	7.907750e-03	1.203905e-05	2.329403e-07	1.430557e-04	8.427347e-08	5.921411e-06
441           	7.928127e-03	1.196192e-05	2.315082e-07	1.432724e-04	8.660994e-08	7.462753e-06
442           	7.994643e-03	1.197492e-05	2.303695e-07	1.434698e-04	8.514493e-08	1.150452e-05
443           	8.033872e-03	1.193987e-05	2.291905e-07	1.439573e-04	8.684913e-08	9.101951e-06
444           	8.093032e-03	1.191421e-05	2.278339e-07	1.440752e-04	9.325712e-08	1.293339e-05
445           	8.132594e-03	1.187397e-05	2.268211e-07	1.446425e-04	9.631817e-08	1.957206e-05
446           	8.183126e-03	1.181245e-05	2.253381e-07	1.444882e-04	1.018778e-07	2.319004e-05
447           	8.224822e-03	1.184281e-05	2.226571e-07	1.480547e-04	1.006845e-07	2.059044e-05
448           	8.341158e-03	1.177533e-05	2.201106e-07	1.489832e-04	1.145935e-07	4.706624e-06
449           	8.414945e-03	1.180730e-05	2.189557e-07	1.495080e-04	1.083581e-07	3.677808e-06
450           	8.484168e-03	1.176026e-05	2.172434e-07	1.487113e-04	6.958008e-08	2.544405e-06
451           	8.450931e-03	1.182625e-05	2.168998e-07	1.463643e-04	7.116434e-08	4.022838e-06
452           	8.487290e-03	1.173406e-05	2.157569e-07	1.448262e-04	7.412016e-08	7.020256e-06
453           	8.530244e-03	1.176800e-05	2.151601e-07	1.448153e-04	7.839391e-08	1.219571e-05
454           	8.562237e-03	1.163959e-05	2.139647e-07	1.456560e-04	8.253471e-08	1.821715e-05
455           	8.602625e-03	1.163085e-05	2.128948e-07	1.473666e-04	9.076078e-08	2.664464e-05
456           	8.600799e-03	1.157325e-05	2.116426e-07	1.485934e-04	8.050614e-08	3.818150e-05
457           	8.649675e-03	1.157947e-05	2.100812e-07	1.489430e-04	7.809772e-08	2.099729e-05
458           	8.640505e-03	1.155077e-05	2.086632e-07	1.489733e-04	8.360257e-08	2.143394e-05
459           	8.721167e-03	1.155642e-05	2.071874e-07	1.482807e-04	8.748015e-08	2.801201e-05
460           	8.735635e-03	1.156553e-05	2.059759e-07	1.478775e-04	9.100186e-08	3.366393e-05
461           	8.796153e-03	1.156114e-05	2.044801e-07	1.467946e-04	7.704050e-08	4.607183e-05
462           	8.831151e-03	1.153991e-05	2.032727e-07	1.464722e-04	8.248566e-08	1.696387e-05
463           	8.842038e-03	1.154313e-05	2.022614e-07	1.462056e-04	8.644011e-08	2.475758e-05
464           	8.914817e-03	1.151558e-05	2.011678e-07	1.468544e-04	9.379478e-08	3.053635e-05
465           	8.937857e-03	1.143906e-05	2.000821e-07	1.474935e-04	8.705962e-08	3.863454e-05
466           	8.968584e-03	1.145813e-05	1.994074e-07	1.477687e-04	7.885672e-08	4.025063e-05
467           	8.966372e-03	1.136047e-05	1.979870e-07	1.482101e-04	8.421041e-08	1.996872e-05
468           	9.014549e-03	1.143782e-05	1.974474e-07	1.486473e-04	8.780987e-08	2.682328e-05
469           	9.054130e-03	1.136154e-05	1.963649e-07	1.491543e-04	9.290003e-08	3.335101e-05
470           	9.099381e-03	1.144788e-05	1.955242e-07	1.493736e-04	7.958136e-08	4.391065e-05
471           	9.116509e-03	1.142736e-05	1.946402e-07	1.492678e-04	8.304395e-08	1.974706e-05
472           	9.182330e-03	1.144211e-05	1.935813e-07	1.493768e-04	9.055086e-08	2.375228e-05
473           	9.197304e-03	1.144935e-05	1.931081e-07	1.495036e-04	9.454522e-08	3.011958e-05
474           	9.271380e-03	1.143681e-05	1.918041e-07	1.496648e-04	9.150281e-08	3.595439e-05
475           	9.252788e-03	1.145410e-05	1.913384e-07	1.499621e-04	8.045112e-08	4.129477e-05
476           	9.305154e-03	1.139772e-05	1.898067e-07	1.497239e-04	8.601497e-08	1.900863e-05
477           	9.309755e-03	1.147636e-05	1.893093e-07	1.503536e-04	8.890532e-08	2.612639e-05
478           	9.349514e-03	1.138171e-05	1.879607e-07	1.506370e-04	9.696682e-08	3.240554e-05
479           	9.390092e-03	1.147897e-05	1.875735e-07	1.512503e-04	8.390919e-08	4.380054e-05
480           	9.395878e-03	1.143135e-05	1.862912e-07	1.514784e-04	8.423153e-08	1.834836e-05
481           	9.456018e-03	1.150202e-05	1.858211e-07	1.516437e-04	9.148057e-08	2.232731e-05
482           	9.483344e-03	1.149121e-05	1.846340e-07	1.520382e-04	9.576032e-08	2.872095e-05
483           	9.524304e-03	1.147802e-05	1.841049e-07	1.521353e-04	9.656927e-08	3.471269e-05
484           	9.540343e-03	1.149869e-05	1.831060e-07	1.524438e-04	8.197668e-08	4.344940e-05
485           	9.558846e-03	1.146583e-05	1.825020e-07	1.523381e-04	8.741157e-08	1.753177e-05
486           	9.571045e-03	1.150454e-05	1.813625e-07	1.524453e-04	9.073428e-08	2.555415e-05
487           	9.594458e-03	1.150838e-05	1.807105e-07	1.529243e-04	9.929365e-08	3.220532e-05
488           	9.627162e-03	1.153680e-05	1.799254e-07	1.531486e-04	9.120036e-08	3.951565e-05
489           	9.635586e-03	1.156661e-05	1.789347e-07	1.537604e-04	8.522470e-08	3.504623e-05
490           	9.663165e-03	1.156217e-05	1.783413e-07	1.538102e-04	9.211278e-08	2.081627e-05
491           	9.696633e-03	1.159452e-05	1.775615e-07	1.543721e-04	9.604746e-08	2.764335e-05
492           	9.735458e-03	1.156958e-05	1.768544e-07	1.545713e-04	1.004791e-07	3.326511e-05
493           	9.750079e-03	1.164955e-05	1.748748e-07	1.579805e-04	7.953143e-08	2.325977e-05
494           	9.779603e-03	1.159171e-05	1.743347e-07	1.562891e-04	8.281897e-08	5.144214e-06
495           	9.788334e-03	1.163781e-05	1.735057e-07	1.551264e-04	8.517994e-08	7.164411e-06
496           	9.806361e-03	1.163736e-05	1.728419e-07	1.543091e-04	8.842907e-08	7.554045e-06
497           	9.820421e-03	1.165036e-05	1.723610e-07	1.543920e-04	8.520396e-08	1.006827e-05
498           	9.845644e-03	1.170047e-05	1.717202e-07	1.546478e-04	8.243088e-08	1.249045e-05
499           	9.831871e-03	1.169618e-05	1.708898e-07	1.556002e-04	8.468412e-08	6.019858e-06
500           	9.853815e-03	1.171376e-05	1.704809e-07	1.564615e-04	8.521349e-08	7.638059e-06
501           	9.905003e-03	1.174756e-05	1.694332e-07	1.577036e-04	8.556368e-08	7.822779e-06
502           	9.898619e-03	1.175082e-05	1.689036e-07	1.582609e-04	7.964252e-08	1.310394e-05
503           	9.935433e-03	1.179976e-05	1.680210e-07	1.583419e-04	8.238155e-08	4.764662e-06
504           	9.915012e-03	1.176566e-05	1.675416e-07	1.580038e-04	8.601053e-08	6.743115e-06
505           	9.954380e-03	1.181189e-05	1.664943e-07	1.574433e-04	8.886136e-08	7.765132e-06
506           	9.966716e-03	1.178308e-05	1.658623e-07	1.572121e-04	8.744517e-08	9.158353e-06
507           	1.000581e-02	1.181837e-05	1.650909e-07	1.571162e-04	8.336820e-08	1.346398e-05
508           	9.995867e-03	1.184128e-05	1.643038e-07	1.573562e-04	8.565456e-08	5.691135e-06
509           	1.002020e-02	1.185857e-05	1.637274e-07	1.576521e-04	8.650095e-08	7.379089e-06
510           	1.005451e-02	1.186552e-05	1.630527e-07	1.582612e-04	8.775797e-08	7.754653e-06
511           	1.010019e-02	1.192875e-05	1.625418e-07	1.590114e-04	8.196082e-08	1.179822e-05
512           	1.012333e-02	1.196210e-05	1.617845e-07	1.595252e-04	8.303969e-08	4.461962e-06
513           	1.012656e-02	1.193116e-05	1.613967e-07	1.597417e-04	8.727828e-08	6.550908e-06
514           	1.013902e-02	1.196957e-05	1.608717e-07	1.597916e-04	8.953555e-08	8.016391e-06
515           	1.015841e-02	1.194261e-05	1.600179e-07	1.598616e-04	8.959979e-08	8.500461e-06
516           	1.018700e-02	1.196046e-05	1.596519e-07	1.598914e-04	8.434427e-08	1.292008e-05
517           	1.018862e-02	1.201253e-05	1.589367e-07	1.602336e-04	8.707973e-08	5.484498e-06
518           	1.019439e-02	1.205055e-05	1.584613e-07	1.605526e-04	8.803214e-08	7.790589e-06
519           	1.021529e-02	1.207700e-05	1.578421e-07	1.609681e-04	9.086173e-08	8.404086e-06
520           	1.025307e-02	1.211061e-05	1.574706e-07	1.612344e-04	8.654808e-08	1.218433e-05
521           	1.030023e-02	1.213264e-05	1.568396e-07	1.617414e-04	8.589969e-08	1.233926e-05
522           	1.027981e-02	1.213015e-05	1.563712e-07	1.619102e-04	9.033614e-08	1.008195e-05
523           	1.031086e-02	1.217012e-05	1.557718e-07	1.621246e-04	9.416421e-08	1.340705e-05
524           	1.030868e-02	1.212701e-05	1.554054e-07	1.621822e-04	9.818809e-08	1.793982e-05
525           	1.034158e-02	1.213278e-05	1.546180e-07	1.622495e-04	9.350150e-08	2.806228e-05
526           	1.035754e-02	1.213291e-05	1.541736e-07	1.623445e-04	9.931502e-08	2.079577e-05
527           	1.037101e-02	1.214824e-05	1.534892e-07	1.625721e-04	1.021852e-07	3.347100e-05
528           	1.036240e-02	1.223852e-05	1.520606e-07	1.666104e-04	1.068902e-07	1.652893e-05
529           	1.046738e-02	1.230474e-05	1.509515e-07	1.674432e-04	1.096952e-07	1.201010e-05
530           	1.053761e-02	1.240369e-05	1.505528e-07	1.676854e-04	8.013611e-08	3.771442e-06
531           	1.055275e-02	1.247811e-05	1.498805e-07	1.650055e-04	8.177936e-08	2.780125e-06
532           	1.048047e-02	1.247257e-05	1.496983e-07	1.626250e-04	8.464244e-08	4.317376e-06
533           	1.050545e-02	1.250032e-05	1.491858e-07	1.614483e-04	8.922312e-08	5.483846e-06
534           	1.050205e-02	1.237616e-05	1.488955e-07	1.613818e-04	9.127863e-08	1.695135e-05
535           	1.052183e-02	1.234310e-05	1.484925e-07	1.625004e-04	9.332188e-08	1.291164e-05
536           	1.052173e-02	1.228636e-05	1.477611e-07	1.641250e-04	9.648025e-08	1.955815e-05
537           	1.050352e-02	1.230411e-05	1.473739e-07	1.658588e-04	1.003003e-07	2.184460e-05
538           	1.050732e-02	1.234327e-05	1.466414e-07	1.703866e-04	6.267060e-08	1.505499e-05
539           	1.056762e-02	1.242960e-05	1.461644e-07	1.689883e-04	6.224953e-08	4.109073e-06
540           	1.059202e-02	1.245933e-05	1.456060e-07	1.676197e-04	6.402961e-08	3.749424e-06
541           	1.060782e-02	1.252367e-05	1.448816e-07	1.656692e-04	6.545329e-08	4.342798e-06
542           	1.057421e-02	1.246242e-05	1.443731e-07	1.639531e-04	6.576854e-08	5.641592e-06
543           	1.057357e-02	1.250518e-05	1.437319e-07	1.627703e-04	6.325517e-08	6.819630e-06
544           	1.057987e-02	1.235902e-05	1.429556e-07	1.624744e-04	6.279287e-08	4.456838e-06
545           	1.059704e-02	1.237840e-05	1.424987e-07	1.628249e-04	6.276602e-08	4.075975e-06
546           	1.060700e-02	1.232066e-05	1.414784e-07	1.636731e-04	6.284579e-08	4.883269e-06
547           	1.059300e-02	1.232761e-05	1.411514e-07	1.644087e-04	6.116273e-08	6.801551e-06
548           	1.061345e-02	1.235807e-05	1.404577e-07	1.653127e-04	6.071990e-08	4.124891e-06
549           	1.062978e-02	1.237199e-05	1.401051e-07	1.659293e-04	6.266274e-08	3.657349e-06
550           	1.066732e-02	1.244997e-05	1.395838e-07	1.662443e-04	6.460596e-08	4.313323e-06
551           	1.065696e-02	1.241537e-05	1.390880e-07	1.659523e-04	6.564559e-08	5.794225e-06
552           	1.067634e-02	1.247871e-05	1.386888e-07	1.651773e-04	6.402391e-08	7.202672e-06
553           	1.066136e-02	1.243449e-05	1.383449e-07	1.647978e-04	6.309008e-08	4.759950e-06
554           	1.070038e-02	1.243859e-05	1.379051e-07	1.644358e-04	6.345891e-08	4.027181e-06
555           	1.071193e-02	1.241253e-05	1.375544e-07	1.646089e-04	6.365892e-08	4.599447e-06
556           	1.074304e-02	1.242175e-05	1.371285e-07	1.646134e-04	6.232904e-08	6.140504e-06
557           	1.071634e-02	1.241001e-05	1.367247e-07	1.648722e-04	6.065926e-08	4.787222e-06
558           	1.074878e-02	1.246019e-05	1.366050e-07	1.655339e-04	6.242052e-08	5.701719e-06
559           	1.077814e-02	1.246490e-05	1.361478e-07	1.662073e-04	6.437305e-08	4.470310e-06
560           	1.083001e-02	1.253445e-05	1.362624e-07	1.667837e-04	6.623112e-08	5.754564e-06
561           	1.079447e-02	1.248009e-05	1.357721e-07	1.665220e-04	6.495731e-08	8.249179e-06
562           	1.081703e-02	1.253997e-05	1.357413e-07	1.662837e-04	6.408175e-08	5.542645e-06
563           	1.080917e-02	1.248099e-05	1.353002e-07	1.661631e-04	6.499290e-08	5.639657e-06
564           	1.084354e-02	1.253260e-05	1.352177e-07	1.662464e-04	6.634060e-08	7.455826e-06
565           	1.083849e-02	1.251113e-05	1.345499e-07	1.663706e-04	6.717039e-08	1.159470e-05
566           	1.085353e-02	1.255358e-05	1.344625e-07	1.660803e-04	6.676316e-08	1.633869e-05
567           	1.082683e-02	1.251750e-05	1.336049e-07	1.660787e-04	7.211753e-08	1.822783e-05
568           	1.085731e-02	1.257249e-05	1.337358e-07	1.662807e-04	7.626914e-08	2.905101e-05
569           	1.089861e-02	1.257381e-05	1.329482e-07	1.669111e-04	7.810262e-08	3.101422e-05
570           	1.091227e-02	1.262657e-05	1.330753e-07	1.673525e-04	8.001572e-08	3.853051e-05
571           	1.090315e-02	1.259880e-05	1.326428e-07	1.670181e-04	7.306503e-08	4.344845e-05
572           	1.091645e-02	1.258942e-05	1.323689e-07	1.670776e-04	7.777562e-08	3.002570e-05
573           	1.092757e-02	1.258302e-05	1.322211e-07	1.669437e-04	7.564801e-08	3.953677e-05
574           	1.097212e-02	1.257824e-05	1.318622e-07	1.675139e-04	8.073460e-08	3.265166e-05
575           	1.097059e-02	1.263402e-05	1.318231e-07	1.677698e-04	7.564243e-08	4.578797e-05
576           	1.099714e-02	1.261565e-05	1.312209e-07	1.674849e-04	7.306091e-08	4.109780e-05
577           	1.096048e-02	1.265694e-05	1.311225e-07	1.676842e-04	7.746271e-08	2.943923e-05
578           	1.101102e-02	1.267927e-05	1.306987e-07	1.680055e-04	7.716705e-08	3.260671e-05
579           	1.104181e-02	1.274234e-05	1.307972e-07	1.688595e-04	8.028107e-08	3.684397e-05
580           	1.106973e-02	1.277266e-05	1.304741e-07	1.691818e-04	7.311657e-08	4.300968e-05
581           	1.104990e-02	1.277032e-05	1.305401e-07	1.687426e-04	7.685110e-08	2.693213e-05
582           	1.107492e-02	1.275483e-05	1.301829e-07	1.686242e-04	7.735546e-08	3.489907e-05
583           	1.107328e-02	1.274447e-05	1.301548e-07	1.688441e-04	8.045682e-08	3.287353e-05
584           	1.110997e-02	1.278726e-05	1.300314e-07	1.694859e-04	7.823434e-08	4.188799e-05
585           	1.108894e-02	1.280603e-05	1.297379e-07	1.697109e-04	7.383635e-08	4.344887e-05
586           	1.111563e-02	1.279459e-05	1.295018e-07	1.693616e-04	7.825464e-08	3.313577e-05
587           	1.106522e-02	1.277316e-05	1.290932e-07	1.692730e-04	7.630058e-08	3.822820e-05
588           	1.111137e-02	1.282587e-05	1.290321e-07	1.695495e-04	8.167941e-08	3.587118e-05
589           	1.111097e-02	1.282102e-05	1.288038e-07	1.703335e-04	7.318234e-08	4.630340e-05
590           	1.113972e-02	1.287873e-05	1.287412e-07	1.706984e-04	7.610079e-08	2.949685e-05
591           	1.112290e-02	1.287116e-05	1.284021e-07	1.704309e-04	7.860329e-08	3.093438e-05
592           	1.113345e-02	1.286742e-05	1.284456e-07	1.702529e-04	8.048921e-08	3.266162e-05
593           	1.115725e-02	1.284427e-05	1.280317e-07	1.706792e-04	8.037832e-08	4.046933e-05
594           	1.117729e-02	1.289348e-05	1.283041e-07	1.711311e-04	7.386720e-08	4.325535e-05
595           	1.119299e-02	1.289997e-05	1.278593e-07	1.714481e-04	7.878611e-08	3.026320e-05
596           	1.119734e-02	1.291369e-05	1.277577e-07	1.711582e-04	7.650306e-08	4.027274e-05
597           	1.117106e-02	1.290614e-05	1.275385e-07	1.711151e-04	8.214771e-08	3.329515e-05
598           	1.121530e-02	1.294707e-05	1.273618e-07	1.714904e-04	7.662986e-08	4.597372e-05
599           	1.121117e-02	1.295427e-05	1.272784e-07	1.723814e-04	7.539963e-08	3.937380e-05
600           	1.123744e-02	1.300444e-05	1.271336e-07	1.723862e-04	7.986087e-08	2.972571e-05
601           	1.120426e-02	1.300675e-05	1.268111e-07	1.722022e-04	7.963676e-08	3.371396e-05
602           	1.119531e-02	1.296115e-05	1.266967e-07	1.718305e-04	8.182860e-08	3.770884e-05
603           	1.121769e-02	1.298793e-05	1.262767e-07	1.721466e-04	7.434154e-08	4.287820e-05
604           	1.120651e-02	1.298991e-05	1.261796e-07	1.726102e-04	7.821037e-08	2.830671e-05
605           	1.120680e-02	1.301304e-05	1.259192e-07	1.725412e-04	7.785083e-08	3.600630e-05
606           	1.119457e-02	1.297990e-05	1.257296e-07	1.723534e-04	8.205974e-08	3.304964e-05
607           	1.118472e-02	1.300087e-05	1.256063e-07	1.720774e-04	7.894761e-08	4.331192e-05
608           	1.123327e-02	1.297654e-05	1.253107e-07	1.721982e-04	7.546418e-08	4.344602e-05
609           	1.122388e-02	1.302340e-05	1.252814e-07	1.731377e-04	7.993946e-08	3.295159e-05
610           	1.122584e-02	1.304691e-05	1.249553e-07	1.730956e-04	7.872753e-08	3.510541e-05
611           	1.120072e-02	1.304391e-05	1.248833e-07	1.733453e-04	8.320573e-08	3.634052e-05
612           	1.121338e-02	1.303739e-05	1.247013e-07	1.729392e-04	7.471549e-08	4.582932e-05
613           	1.123002e-02	1.303939e-05	1.245457e-07	1.732646e-04	7.770825e-08	3.008127e-05
614           	1.122302e-02	1.304485e-05	1.243329e-07	1.733641e-04	7.933729e-08	3.234049e-05
615           	1.121914e-02	1.307800e-05	1.242283e-07	1.732662e-04	8.184502e-08	3.278473e-05
616           	1.120077e-02	1.304427e-05	1.240215e-07	1.731150e-04	8.083099e-08	4.262745e-05
617           	1.120789e-02	1.306459e-05	1.238238e-07	1.731621e-04	7.488989e-08	4.409246e-05
618           	1.123285e-02	1.305179e-05	1.236470e-07	1.734078e-04	8.015562e-08	3.136859e-05
619           	1.124404e-02	1.307408e-05	1.234443e-07	1.740662e-04	7.767653e-08	4.062979e-05
620           	1.120293e-02	1.310333e-05	1.233078e-07	1.739924e-04	8.385243e-08	3.387702e-05
621           	1.121369e-02	1.307606e-05	1.230216e-07	1.739166e-04	7.675426e-08	4.608268e-05
622           	1.120697e-02	1.308081e-05	1.230413e-07	1.738078e-04	7.734505e-08	3.479183e-05
623           	1.122894e-02	1.307690e-05	1.227948e-07	1.740389e-04	8.107787e-08	3.088954e-05
624           	1.122746e-02	1.311630e-05	1.225862e-07	1.743218e-04	8.130743e-08	3.337044e-05
625           	1.121842e-02	1.313824e-05	1.225522e-07	1.741121e-04	8.236461e-08	3.975785e-05
626           	1.120402e-02	1.312354e-05	1.222415e-07	1.740259e-04	7.499679e-08	4.315981e-05
627           	1.121786e-02	1.313928e-05	1.222533e-07	1.741501e-04	7.936957e-08	2.933549e-05
628           	1.124671e-02	1.312623e-05	1.220054e-07	1.744414e-04	7.841490e-08	3.793156e-05
629           	1.124260e-02	1.317802e-05	1.219479e-07	1.751291e-04	8.353336e-08	3.258530e-05
630           	1.121876e-02	1.319235e-05	1.218815e-07	1.748642e-04	7.982919e-08	4.476306e-05
631           	1.123022e-02	1.319520e-05	1.215635e-07	1.749283e-04	7.665312e-08	4.237286e-05
632           	1.121601e-02	1.318769e-05	1.217989e-07	1.748431e-04	8.161396e-08	2.941042e-05
633           	1.125523e-02	1.319664e-05	1.213216e-07	1.749829e-04	8.030190e-08	3.323171e-05
634           	1.122369e-02	1.319396e-05	1.214386e-07	1.751505e-04	8.380999e-08	3.679606e-05
635           	1.122610e-02	1.322209e-05	1.212287e-07	1.748819e-04	7.519902e-08	4.593188e-05
636           	1.120957e-02	1.319753e-05	1.210594e-07	1.749424e-04	7.856913e-08	3.014602e-05
637           	1.123419e-02	1.323779e-05	1.209666e-07	1.752496e-04	7.946225e-08	3.384202e-05
638           	1.123915e-02	1.322820e-05	1.207826e-07	1.757569e-04	8.305526e-08	3.278988e-05
639           	1.123876e-02	1.327535e-05	1.208346e-07	1.762328e-04	8.108246e-08	4.320933e-05
640           	1.121413e-02	1.327903e-05	1.206612e-07	1.759307e-04	7.645772e-08	4.329343e-05
641           	1.122728e-02	1.328134e-05	1.204562e-07	1.761075e-04	8.173557e-08	3.149701e-05
642           	1.122976e-02	1.327324e-05	1.205347e-07	1.761127e-04	7.937223e-08	4.067595e-05
643           	1.125633e-02	1.329140e-05	1.203671e-07	1.763467e-04	8.477704e-08	3.497235e-05
644           	1.122546e-02	1.328627e-05	1.204273e-07	1.764192e-04	7.609171e-08	4.507259e-05
645           	1.123594e-02	1.332205e-05	1.201906e-07	1.760562e-04	7.803365e-08	3.034678e-05
646           	1.121512e-02	1.328620e-05	1.200758e-07	1.761254e-04	8.140381e-08	3.149491e-05
647           	1.125509e-02	1.331918e-05	1.200376e-07	1.763426e-04	8.209589e-08	3.307273e-05
648           	1.124875e-02	1.332313e-05	1.198263e-07	1.769627e-04	8.319293e-08	3.932733e-05
649           	1.122493e-02	1.336281e-05	1.198310e-07	1.771575e-04	7.590678e-08	4.388477e-05
650           	1.122539e-02	1.335021e-05	1.195613e-07	1.769313e-04	8.115877e-08	3.034439e-05
651           	1.121805e-02	1.336526e-05	1.195943e-07	1.769404e-04	7.934126e-08	3.981598e-05
652           	1.125419e-02	1.336117e-05	1.194766e-07	1.768625e-04	8.534038e-08	3.275400e-05
653           	1.125252e-02	1.337240e-05	1.192836e-07	1.772511e-04	7.996239e-08	4.604336e-05
654           	1.123278e-02	1.337338e-05	1.193779e-07	1.771327e-04	7.755226e-08	4.051737e-05
655           	1.122520e-02	1.339764e-05	1.190835e-07	1.769044e-04	8.199786e-08	2.976021e-05
656           	1.122404e-02	1.335777e-05	1.192172e-07	1.767468e-04	8.124456e-08	3.288937e-05
657           	1.125693e-02	1.337770e-05	1.189892e-07	1.769634e-04	8.377057e-08	3.699159e-05
658           	1.123309e-02	1.339677e-05	1.189041e-07	1.775745e-04	7.597353e-08	4.320667e-05
659           	1.123205e-02	1.342156e-05	1.188024e-07	1.775525e-04	7.982717e-08	2.732640e-05
660           	1.121157e-02	1.339968e-05	1.185633e-07	1.774795e-04	8.027681e-08	3.541989e-05
661           	1.124315e-02	1.342161e-05	1.186182e-07	1.773772e-04	8.416645e-08	3.230726e-05
662           	1.124193e-02	1.339815e-05	1.184961e-07	1.775849e-04	8.202495e-08	4.256081e-05
663           	1.125958e-02	1.342714e-05	1.183852e-07	1.775982e-04	7.761376e-08	4.421405e-05
664           	1.122563e-02	1.340823e-05	1.184534e-07	1.775900e-04	8.225929e-08	3.352180e-05
665           	1.124297e-02	1.345574e-05	1.183074e-07	1.772996e-04	8.030192e-08	3.753794e-05
666           	1.125033e-02	1.341511e-05	1.184483e-07	1.773670e-04	8.562103e-08	3.572979e-05
667           	1.127499e-02	1.347108e-05	1.181455e-07	1.775666e-04	7.624120e-08	4.709320e-05
668           	1.123360e-02	1.345756e-05	1.181385e-07	1.779230e-04	7.896979e-08	3.004451e-05
669           	1.125836e-02	1.350699e-05	1.181020e-07	1.776955e-04	8.124979e-08	3.130165e-05
670           	1.123232e-02	1.346358e-05	1.179417e-07	1.779155e-04	8.347612e-08	3.265475e-05
671           	1.128001e-02	1.352190e-05	1.180289e-07	1.779737e-04	8.335896e-08	4.127512e-05
672           	1.126371e-02	1.349496e-05	1.179389e-07	1.781963e-04	7.684569e-08	4.388590e-05
673           	1.128141e-02	1.353282e-05	1.178310e-07	1.782635e-04	8.213163e-08	3.072515e-05
674           	1.125498e-02	1.350205e-05	1.179629e-07	1.779294e-04	7.973644e-08	4.077346e-05
675           	1.129124e-02	1.355674e-05	1.177039e-07	1.779784e-04	8.572417e-08	3.322684e-05
676           	1.128502e-02	1.348500e-05	1.179788e-07	1.781648e-04	7.946721e-08	4.516332e-05
677           	1.130621e-02	1.359139e-05	1.176422e-07	1.783047e-04	7.839496e-08	3.742459e-05
678           	1.127990e-02	1.352657e-05	1.177669e-07	1.785468e-04	8.253599e-08	3.003210e-05
679           	1.128660e-02	1.361191e-05	1.176440e-07	1.783013e-04	8.218626e-08	3.359559e-05
680           	1.128902e-02	1.356052e-05	1.173828e-07	1.784590e-04	8.427876e-08	3.793507e-05
681           	1.131269e-02	1.361033e-05	1.175826e-07	1.787577e-04	7.670436e-08	4.295231e-05
682           	1.128119e-02	1.360271e-05	1.172805e-07	1.789580e-04	8.092406e-08	2.856933e-05
683           	1.130356e-02	1.361471e-05	1.175826e-07	1.788472e-04	8.049859e-08	3.622089e-05
684           	1.127941e-02	1.361070e-05	1.174223e-07	1.785436e-04	8.533839e-08	3.301667e-05
685           	1.133086e-02	1.363195e-05	1.175978e-07	1.784232e-04	8.211330e-08	4.367777e-05
686           	1.132179e-02	1.360155e-05	1.174835e-07	1.788901e-04	7.851118e-08	4.323787e-05
687           	1.131633e-02	1.370391e-05	1.174056e-07	1.790786e-04	8.283903e-08	3.352239e-05
688           	1.130507e-02	1.362806e-05	1.174313e-07	1.790677e-04	8.118655e-08	3.551192e-05
689           	1.132337e-02	1.372945e-05	1.173358e-07	1.791130e-04	8.517015e-08	3.663960e-05
690           	1.132292e-02	1.364004e-05	1.173555e-07	1.790431e-04	7.655522e-08	4.499365e-05
691           	1.136027e-02	1.374845e-05	1.172119e-07	1.794012e-04	7.982087e-08	2.967338e-05
692           	1.132158e-02	1.369743e-05	1.172746e-07	1.796070e-04	8.135282e-08	3.278845e-05
693           	1.132985e-02	1.374574e-05	1.172012e-07	1.791527e-04	8.465752e-08	3.274992e-05
694           	1.132774e-02	1.370393e-05	1.172784e-07	1.793170e-04	8.349016e-08	4.343860e-05
695           	1.136625e-02	1.375118e-05	1.174067e-07	1.790815e-04	7.783645e-08	4.358170e-05
696           	1.137216e-02	1.371797e-05	1.173828e-07	1.796941e-04	8.313032e-08	3.183116e-05
697           	1.134853e-02	1.378227e-05	1.173031e-07	1.797136e-04	8.021183e-08	4.079729e-05
698           	1.133159e-02	1.377190e-05	1.173151e-07	1.796947e-04	8.622303e-08	3.401593e-05
699           	1.135360e-02	1.377540e-05	1.171781e-07	1.794704e-04	7.841630e-08	4.671324e-05
700           	1.135139e-02	1.377267e-05	1.170784e-07	1.796574e-04	7.912935e-08	3.483515e-05
701           	1.137226e-02	1.380214e-05	1.172082e-07	1.799979e-04	8.285257e-08	3.110444e-05
702           	1.135226e-02	1.382370e-05	1.168297e-07	1.802353e-04	8.334339e-08	3.355848e-05
703           	1.133387e-02	1.383921e-05	1.172919e-07	1.800985e-04	8.474941e-08	3.991935e-05
704           	1.135532e-02	1.382604e-05	1.170247e-07	1.797751e-04	7.749497e-08	4.349951e-05
705           	1.137579e-02	1.385497e-05	1.171685e-07	1.799219e-04	8.220399e-08	2.966121e-05
706           	1.138529e-02	1.382911e-05	1.171610e-07	1.803479e-04	8.093146e-08	3.833649e-05
707           	1.136561e-02	1.389622e-05	1.170995e-07	1.804600e-04	8.600557e-08	3.249592e-05
708           	1.134372e-02	1.388839e-05	1.171356e-07	1.807259e-04	8.168278e-08	4.508141e-05
709           	1.136817e-02	1.390853e-05	1.171825e-07	1.802140e-04	7.837316e-08	4.116865e-05
710           	1.137495e-02	1.387528e-05	1.168797e-07	1.804944e-04	8.318705e-08	2.972394e-05
711           	1.138325e-02	1.390834e-05	1.171783e-07	1.806622e-04	8.201328e-08	3.334658e-05
712           	1.137995e-02	1.392107e-05	1.166751e-07	1.810008e-04	8.542630e-08	3.720747e-05
713           	1.134294e-02	1.391810e-05	1.171687e-07	1.809563e-04	7.711531e-08	4.531507e-05
714           	1.137404e-02	1.392144e-05	1.169575e-07	1.805346e-04	8.085352e-08	3.004625e-05
715           	1.138634e-02	1.391554e-05	1.169489e-07	1.805915e-04	8.178187e-08	3.389783e-05
716           	1.140115e-02	1.391083e-05	1.170356e-07	1.808056e-04	8.535247e-08	3.282126e-05
717           	1.138251e-02	1.395694e-05	1.169615e-07	1.810874e-04	8.310844e-08	4.303946e-05
718           	1.136341e-02	1.397754e-05	1.170378e-07	1.812566e-04	7.825190e-08	4.281826e-05
719           	1.137982e-02	1.396813e-05	1.170488e-07	1.809930e-04	8.327159e-08	3.198412e-05
720           	1.139428e-02	1.394106e-05	1.167945e-07	1.810207e-04	8.085561e-08	3.999082e-05
721           	1.138661e-02	1.394237e-05	1.168648e-07	1.811193e-04	8.631739e-08	3.525600e-05
722           	1.138274e-02	1.395074e-05	1.165746e-07	1.815267e-04	7.731687e-08	4.555722e-05
723           	1.135122e-02	1.396507e-05	1.169823e-07	1.814355e-04	7.986998e-08	2.940835e-05
724           	1.138404e-02	1.396029e-05	1.168434e-07	1.813050e-04	8.317506e-08	3.166303e-05
725           	1.139335e-02	1.397003e-05	1.169955e-07	1.811186e-04	8.437925e-08	3.279001e-05
726           	1.140918e-02	1.396968e-05	1.169854e-07	1.813651e-04	8.525548e-08	4.003531e-05
727           	1.139067e-02	1.398845e-05	1.168264e-07	1.816141e-04	7.764183e-08	4.422495e-05
728           	1.137785e-02	1.405656e-05	1.170681e-07	1.818904e-04	8.299709e-08	2.954214e-05
729           	1.138221e-02	1.401409e-05	1.168406e-07	1.818052e-04	8.067775e-08	4.039966e-05
730           	1.140124e-02	1.402720e-05	1.168484e-07	1.817764e-04	8.668414e-08	3.292972e-05
731           	1.140099e-02	1.399477e-05	1.169488e-07	1.817137e-04	8.110303e-08	4.603991e-05
732           	1.138873e-02	1.403990e-05	1.165828e-07	1.819860e-04	7.905835e-08	4.063016e-05
733           	1.136136e-02	1.402677e-05	1.170449e-07	1.821881e-04	8.357439e-08	3.014414e-05
734           	1.139679e-02	1.402904e-05	1.167216e-07	1.819943e-04	8.301728e-08	3.307060e-05
735           	1.139478e-02	1.401784e-05	1.171230e-07	1.818165e-04	8.568871e-08	3.737833e-05
736           	1.142539e-02	1.401879e-05	1.168020e-07	1.818785e-04	7.774450e-08	4.388611e-05
737           	1.139250e-02	1.402986e-05	1.169394e-07	1.821483e-04	8.163170e-08	2.762029e-05
738           	1.139600e-02	1.407899e-05	1.167958e-07	1.825162e-04	8.178112e-08	3.574225e-05
739           	1.138921e-02	1.406855e-05	1.169013e-07	1.824933e-04	8.567331e-08	3.246823e-05
740           	1.141835e-02	1.407718e-05	1.169324e-07	1.824964e-04	8.305677e-08	4.218211e-05
741           	1.140877e-02	1.406575e-05	1.169798e-07	1.824333e-04	7.883809e-08	4.314221e-05
742           	1.142898e-02	1.409273e-05	1.168857e-07	1.826518e-04	8.355106e-08	3.294937e-05
743           	1.139904e-02	1.411655e-05	1.171259e-07	1.829036e-04	8.164023e-08	3.671445e-05
744           	1.142439e-02	1.410460e-05	1.170562e-07	1.827916e-04	8.671387e-08	3.589377e-05
745           	1.141584e-02	1.411501e-05	1.172690e-07	1.826894e-04	7.754394e-08	4.586234e-05
746           	1.145262e-02	1.409994e-05	1.172076e-07	1.826020e-04	8.063270e-08	2.911025e-05
747           	1.142049e-02	1.411613e-05	1.171714e-07	1.830119e-04	8.278196e-08	3.138682e-05
748           	1.141304e-02	1.415393e-05	1.171344e-07	1.830975e-04	8.527811e-08	3.230212e-05
749           	1.141040e-02	1.415104e-05	1.171478e-07	1.831396e-04	8.452378e-08	4.191403e-05
750           	1.141201e-02	1.417481e-05	1.170451e-07	1.831233e-04	7.812747e-08	4.355112e-05
751           	1.142959e-02	1.413478e-05	1.172004e-07	1.830507e-04	8.346699e-08	3.118502e-05
752           	1.144059e-02	1.419224e-05	1.170855e-07	1.834586e-04	8.088509e-08	4.127569e-05
753           	1.143248e-02	1.417105e-05	1.172796e-07	1.834682e-04	8.681251e-08	3.353788e-05
754           	1.144534e-02	1.422223e-05	1.172701e-07	1.833725e-04	8.031759e-08	4.599692e-05
755           	1.144634e-02	1.417700e-05	1.174235e-07	1.830510e-04	7.976224e-08	3.692369e-05
756           	1.147349e-02	1.417901e-05	1.174384e-07	1.828435e-04	8.422579e-08	3.044680e-05
757           	1.147283e-02	1.417528e-05	1.174454e-07	1.833067e-04	8.399779e-08	3.368841e-05
758           	1.145734e-02	1.424076e-05	1.174475e-07	1.836393e-04	8.591912e-08	3.862745e-05
759           	1.146272e-02	1.422802e-05	1.175649e-07	1.837373e-04	7.796075e-08	4.360151e-05
760           	1.145765e-02	1.425863e-05	1.176123e-07	1.836181e-04	8.227289e-08	2.828972e-05
761           	1.147882e-02	1.423037e-05	1.175991e-07	1.836141e-04	8.155144e-08	3.671672e-05
762           	1.149658e-02	1.426076e-05	1.175928e-07	1.839850e-04	8.617119e-08	3.318794e-05
763           	1.147670e-02	1.426400e-05	1.175698e-07	1.839458e-04	8.286348e-08	4.313699e-05
764           	1.148753e-02	1.428153e-05	1.177283e-07	1.837975e-04	7.911224e-08	4.410455e-05
765           	1.148093e-02	1.427711e-05	1.176376e-07	1.834138e-04	8.396380e-08	3.124911e-05
766           	1.151657e-02	1.427109e-05	1.179418e-07	1.831848e-04	8.276260e-08	3.487093e-05
767           	1.151504e-02	1.427189e-05	1.176710e-07	1.836409e-04	8.679916e-08	3.695662e-05
768           	1.148596e-02	1.430500e-05	1.179543e-07	1.836418e-04	7.796801e-08	4.541656e-05
769           	1.147762e-02	1.426168e-05	1.175562e-07	1.838208e-04	8.112825e-08	3.003043e-05
770           	1.147631e-02	1.427762e-05	1.177105e-07	1.836653e-04	8.243834e-08	3.314812e-05
771           	1.147468e-02	1.424564e-05	1.174716e-07	1.835948e-04	8.571905e-08	3.266378e-05
772           	1.147233e-02	1.428875e-05	1.176316e-07	1.840617e-04	8.403696e-08	4.369800e-05
773           	1.144727e-02	1.428854e-05	1.175061e-07	1.838519e-04	7.833817e-08	4.362328e-05
774           	1.146449e-02	1.428097e-05	1.176280e-07	1.834837e-04	8.386450e-08	3.119270e-05
775           	1.146822e-02	1.431694e-05	1.176372e-07	1.832407e-04	8.130575e-08	4.106347e-05
776           	1.148781e-02	1.425643e-05	1.175713e-07	1.828410e-04	8.774750e-08	3.430730e-05
777           	1.145640e-02	1.430179e-05	1.175328e-07	1.834215e-04	7.897895e-08	4.747494e-05
778           	1.145073e-02	1.428292e-05	1.174378e-07	1.834358e-04	8.049946e-08	3.219185e-05
779           	1.144466e-02	1.427606e-05	1.174268e-07	1.836426e-04	8.400444e-08	3.159426e-05
780           	1.144225e-02	1.427569e-05	1.172905e-07	1.834335e-04	8.438796e-08	3.372712e-05
781           	1.144232e-02	1.426369e-05	1.172706e-07	1.832366e-04	8.567019e-08	3.852516e-05
782           	1.144536e-02	1.430440e-05	1.171130e-07	1.836911e-04	7.810697e-08	4.394374e-05
783           	1.141120e-02	1.430168e-05	1.173222e-07	1.835702e-04	8.282788e-08	3.015597e-05
784           	1.145525e-02	1.428589e-05	1.171104e-07	1.833261e-04	8.150546e-08	3.884756e-05
785           	1.142992e-02	1.430348e-05	1.172931e-07	1.830871e-04	8.707717e-08	3.273267e-05
786           	1.144949e-02	1.426363e-05	1.171038e-07	1.827896e-04	8.272740e-08	4.514545e-05
787           	1.141435e-02	1.430181e-05	1.172988e-07	1.834028e-04	7.947757e-08	4.145010e-05
788           	1.139771e-02	1.429514e-05	1.169323e-07	1.832737e-04	8.421817e-08	2.879336e-05
789           	1.139918e-02	1.427058e-05	1.169670e-07	1.835503e-04	8.306204e-08	3.233532e-05
790           	1.139196e-02	1.428752e-05	1.169049e-07	1.830729e-04	8.640800e-08	3.648291e-05
791           	1.139829e-02	1.424711e-05	1.168028e-07	1.832205e-04	7.789338e-08	4.552039e-05
792           	1.138150e-02	1.428158e-05	1.167454e-07	1.833412e-04	8.152538e-08	3.056800e-05
793           	1.136952e-02	1.427434e-05	1.165900e-07	1.832101e-04	8.228071e-08	3.431296e-05
794           	1.139602e-02	1.427761e-05	1.167263e-07	1.831538e-04	8.591883e-08	3.304829e-05
795           	1.139637e-02	1.427371e-05	1.165799e-07	1.826934e-04	8.391566e-08	4.293038e-05
796           	1.140136e-02	1.427321e-05	1.168050e-07	1.829122e-04	7.931480e-08	4.250488e-05
797           	1.137762e-02	1.427104e-05	1.166445e-07	1.827829e-04	8.428865e-08	3.239356e-05
798           	1.136627e-02	1.429984e-05	1.166362e-07	1.830136e-04	8.197437e-08	3.920369e-05
799           	1.135934e-02	1.425312e-05	1.164818e-07	1.829905e-04	8.739598e-08	3.544448e-05
800           	1.136886e-02	1.429026e-05	1.164007e-07	1.830181e-04	7.794203e-08	4.620804e-05
